5.000,
0.000,
6.000,
4.000,
3.000,
7.000,
8.000,
10.000,
0.000,
0.000,
3.000,
5.000,
3.000,
22.000,
5.000,
7.000,
3.000,
0.000,
0.000,
7.000,
0.000,
0.000,
4.000,
4.000,
1.000,
5.000,
7.000,
8.000,
4.000,
14.000,
11.000,
0.000,
3.000,
2.000,
15.000,
5.000,
7.000,
0.000,
5.000,
0.000,
8.000,
5.000,
9.000,
6.000,
4.000,
4.000,
0.000,
6.000,
8.000,
8.000,
3.000,
7.000,
12.000,
0.000,
3.000,
5.000,
3.000,
2.000,
4.000,
9.000,
6.000,
1.000,
8.000,
5.000,
8.000,
5.000,
2.000,
5.000,
3.000,
7.000,
5.000,
8.000,
7.000,
7.000,
2.000,
5.000,
1.000,
5.000,
4.000,
5.000,
3.000,
7.000,
6.000,
5.000,
2.000,
3.000,
0.000,
8.000,
25.000,
2.000,
14.000,
3.000,
6.000,
2.000,
0.000,
5.000,
