# layer3.relu2 (shape [3, 5, 128]),
42.000,
44.000,
47.000,
58.000,
52.000,
55.000,
54.000,
64.000,
38.000,
0.000,
14.000,
15.000,
22.000,
25.000,
42.000,
63.000,
66.000,
22.000,
20.000,
29.000,
36.000,
46.000,
37.000,
31.000,
19.000,
19.000,
0.000,
35.000,
57.000,
57.000,
0.000,
0.000,
54.000,
41.000,
67.000,
34.000,
37.000,
42.000,
76.000,
42.000,
18.000,
4.000,
40.000,
22.000,
48.000,
43.000,
47.000,
46.000,
36.000,
38.000,
0.000,
61.000,
48.000,
0.000,
0.000,
46.000,
0.000,
16.000,
12.000,
20.000,
48.000,
0.000,
37.000,
37.000,
33.000,
31.000,
56.000,
43.000,
52.000,
60.000,
46.000,
75.000,
37.000,
52.000,
47.000,
72.000,
4.000,
44.000,
0.000,
58.000,
0.000,
0.000,
43.000,
0.000,
0.000,
30.000,
18.000,
56.000,
27.000,
16.000,
12.000,
37.000,
43.000,
48.000,
24.000,
63.000,
46.000,
35.000,
9.000,
75.000,
45.000,
50.000,
28.000,
43.000,
27.000,
53.000,
45.000,
46.000,
37.000,
0.000,
73.000,
41.000,
19.000,
42.000,
20.000,
0.000,
47.000,
51.000,
46.000,
7.000,
0.000,
56.000,
49.000,
47.000,
0.000,
31.000,
55.000,
13.000,
18.000,
39.000,
44.000,
24.000,
71.000,
64.000,
39.000,
57.000,
56.000,
0.000,
0.000,
0.000,
77.000,
0.000,
5.000,
62.000,
28.000,
0.000,
21.000,
26.000,
48.000,
56.000,
20.000,
0.000,
0.000,
0.000,
0.000,
44.000,
49.000,
52.000,
0.000,
0.000,
54.000,
13.000,
62.000,
29.000,
10.000,
0.000,
42.000,
15.000,
0.000,
0.000,
36.000,
0.000,
22.000,
36.000,
0.000,
67.000,
47.000,
24.000,
0.000,
46.000,
41.000,
0.000,
0.000,
9.000,
0.000,
0.000,
0.000,
0.000,
48.000,
0.000,
29.000,
57.000,
0.000,
0.000,
43.000,
36.000,
42.000,
70.000,
35.000,
66.000,
47.000,
24.000,
62.000,
71.000,
0.000,
0.000,
26.000,
63.000,
34.000,
51.000,
39.000,
2.000,
15.000,
0.000,
0.000,
65.000,
12.000,
0.000,
18.000,
9.000,
10.000,
45.000,
0.000,
75.000,
27.000,
61.000,
0.000,
6.000,
40.000,
26.000,
38.000,
62.000,
0.000,
48.000,
31.000,
0.000,
0.000,
0.000,
71.000,
48.000,
0.000,
12.000,
0.000,
0.000,
0.000,
80.000,
14.000,
43.000,
0.000,
13.000,
48.000,
25.000,
0.000,
52.000,
50.000,
0.000,
34.000,
36.000,
0.000,
40.000,
78.000,
54.000,
16.000,
102.000,
19.000,
0.000,
0.000,
53.000,
66.000,
0.000,
30.000,
20.000,
12.000,
0.000,
60.000,
100.000,
65.000,
81.000,
32.000,
30.000,
0.000,
0.000,
25.000,
38.000,
37.000,
36.000,
0.000,
0.000,
49.000,
21.000,
79.000,
42.000,
21.000,
0.000,
48.000,
3.000,
20.000,
38.000,
100.000,
55.000,
30.000,
73.000,
39.000,
50.000,
56.000,
42.000,
2.000,
32.000,
6.000,
0.000,
0.000,
0.000,
0.000,
0.000,
76.000,
0.000,
47.000,
0.000,
14.000,
95.000,
47.000,
0.000,
26.000,
59.000,
23.000,
108.000,
41.000,
76.000,
10.000,
0.000,
53.000,
20.000,
0.000,
11.000,
55.000,
78.000,
35.000,
25.000,
55.000,
33.000,
87.000,
0.000,
0.000,
29.000,
98.000,
0.000,
91.000,
1.000,
47.000,
26.000,
0.000,
83.000,
46.000,
65.000,
0.000,
36.000,
38.000,
39.000,
68.000,
75.000,
26.000,
66.000,
64.000,
0.000,
80.000,
0.000,
80.000,
75.000,
0.000,
73.000,
0.000,
20.000,
0.000,
40.000,
1.000,
15.000,
42.000,
47.000,
16.000,
31.000,
0.000,
77.000,
68.000,
0.000,
53.000,
47.000,
20.000,
39.000,
40.000,
75.000,
0.000,
95.000,
1.000,
21.000,
7.000,
69.000,
41.000,
5.000,
47.000,
0.000,
26.000,
30.000,
50.000,
73.000,
81.000,
33.000,
49.000,
10.000,
0.000,
0.000,
0.000,
34.000,
28.000,
40.000,
4.000,
0.000,
42.000,
30.000,
50.000,
44.000,
39.000,
0.000,
44.000,
34.000,
65.000,
46.000,
31.000,
48.000,
10.000,
0.000,
80.000,
69.000,
41.000,
43.000,
46.000,
14.000,
27.000,
0.000,
16.000,
0.000,
0.000,
0.000,
52.000,
0.000,
48.000,
0.000,
47.000,
72.000,
20.000,
28.000,
16.000,
63.000,
15.000,
103.000,
34.000,
78.000,
10.000,
16.000,
46.000,
46.000,
41.000,
0.000,
71.000,
60.000,
7.000,
57.000,
56.000,
67.000,
63.000,
0.000,
0.000,
0.000,
95.000,
4.000,
97.000,
34.000,
78.000,
7.000,
0.000,
82.000,
48.000,
72.000,
82.000,
72.000,
57.000,
45.000,
64.000,
43.000,
27.000,
69.000,
80.000,
0.000,
22.000,
0.000,
82.000,
49.000,
0.000,
31.000,
6.000,
7.000,
72.000,
0.000,
19.000,
0.000,
82.000,
109.000,
26.000,
55.000,
40.000,
82.000,
54.000,
21.000,
39.000,
40.000,
70.000,
32.000,
32.000,
50.000,
11.000,
55.000,
7.000,
24.000,
46.000,
6.000,
42.000,
28.000,
36.000,
5.000,
48.000,
13.000,
33.000,
36.000,
38.000,
4.000,
41.000,
46.000,
0.000,
30.000,
0.000,
24.000,
30.000,
35.000,
21.000,
0.000,
37.000,
35.000,
76.000,
39.000,
34.000,
0.000,
97.000,
21.000,
41.000,
65.000,
0.000,
51.000,
0.000,
0.000,
30.000,
48.000,
53.000,
33.000,
38.000,
27.000,
32.000,
0.000,
47.000,
0.000,
20.000,
0.000,
15.000,
0.000,
39.000,
26.000,
49.000,
43.000,
0.000,
33.000,
25.000,
52.000,
21.000,
56.000,
26.000,
56.000,
15.000,
28.000,
47.000,
27.000,
29.000,
28.000,
32.000,
45.000,
21.000,
31.000,
33.000,
41.000,
40.000,
9.000,
0.000,
42.000,
30.000,
32.000,
37.000,
32.000,
29.000,
11.000,
0.000,
42.000,
57.000,
68.000,
55.000,
53.000,
45.000,
41.000,
57.000,
58.000,
25.000,
57.000,
67.000,
0.000,
24.000,
0.000,
67.000,
32.000,
0.000,
0.000,
18.000,
20.000,
34.000,
0.000,
17.000,
41.000,
29.000,
36.000,
14.000,
46.000,
25.000,
41.000,
47.000,
36.000,
11.000,
49.000,
12.000,
10.000,
18.000,
14.000,
22.000,
67.000,
0.000,
0.000,
27.000,
51.000,
37.000,
34.000,
22.000,
54.000,
0.000,
6.000,
0.000,
18.000,
31.000,
8.000,
0.000,
40.000,
26.000,
54.000,
61.000,
47.000,
0.000,
45.000,
0.000,
44.000,
0.000,
11.000,
0.000,
40.000,
41.000,
0.000,
63.000,
0.000,
0.000,
0.000,
18.000,
37.000,
7.000,
33.000,
71.000,
19.000,
0.000,
38.000,
48.000,
0.000,
21.000,
49.000,
29.000,
21.000,
73.000,
78.000,
20.000,
38.000,
32.000,
34.000,
0.000,
28.000,
41.000,
34.000,
29.000,
0.000,
0.000,
64.000,
11.000,
0.000,
32.000,
36.000,
16.000,
1.000,
61.000,
39.000,
27.000,
0.000,
46.000,
0.000,
0.000,
58.000,
8.000,
38.000,
77.000,
48.000,
46.000,
50.000,
15.000,
49.000,
33.000,
18.000,
19.000,
46.000,
13.000,
0.000,
41.000,
61.000,
0.000,
52.000,
10.000,
43.000,
5.000,
0.000,
5.000,
58.000,
25.000,
27.000,
0.000,
19.000,
32.000,
53.000,
2.000,
46.000,
37.000,
0.000,
3.000,
30.000,
51.000,
71.000,
34.000,
0.000,
39.000,
27.000,
27.000,
110.000,
0.000,
21.000,
57.000,
0.000,
0.000,
0.000,
0.000,
0.000,
0.000,
0.000,
0.000,
66.000,
43.000,
0.000,
0.000,
47.000,
0.000,
0.000,
0.000,
0.000,
31.000,
0.000,
0.000,
0.000,
31.000,
97.000,
64.000,
43.000,
0.000,
0.000,
0.000,
31.000,
0.000,
0.000,
0.000,
10.000,
0.000,
0.000,
0.000,
0.000,
0.000,
0.000,
0.000,
0.000,
8.000,
39.000,
0.000,
25.000,
0.000,
6.000,
73.000,
0.000,
10.000,
5.000,
0.000,
45.000,
54.000,
19.000,
0.000,
44.000,
0.000,
84.000,
0.000,
14.000,
51.000,
0.000,
0.000,
0.000,
0.000,
24.000,
0.000,
0.000,
60.000,
0.000,
77.000,
47.000,
44.000,
16.000,
0.000,
0.000,
71.000,
8.000,
0.000,
0.000,
0.000,
40.000,
42.000,
0.000,
16.000,
2.000,
0.000,
110.000,
0.000,
0.000,
14.000,
0.000,
0.000,
0.000,
0.000,
0.000,
0.000,
0.000,
13.000,
0.000,
0.000,
0.000,
0.000,
0.000,
0.000,
28.000,
0.000,
0.000,
78.000,
0.000,
0.000,
43.000,
0.000,
0.000,
0.000,
99.000,
0.000,
0.000,
0.000,
0.000,
23.000,
31.000,
0.000,
98.000,
15.000,
20.000,
0.000,
0.000,
0.000,
0.000,
0.000,
0.000,
0.000,
0.000,
0.000,
103.000,
34.000,
0.000,
0.000,
0.000,
0.000,
0.000,
0.000,
0.000,
0.000,
0.000,
0.000,
0.000,
47.000,
65.000,
69.000,
36.000,
0.000,
0.000,
0.000,
0.000,
0.000,
0.000,
0.000,
8.000,
0.000,
29.000,
16.000,
0.000,
0.000,
0.000,
8.000,
28.000,
70.000,
68.000,
0.000,
0.000,
0.000,
8.000,
53.000,
0.000,
0.000,
18.000,
57.000,
74.000,
66.000,
0.000,
0.000,
53.000,
0.000,
28.000,
0.000,
42.000,
61.000,
0.000,
0.000,
0.000,
0.000,
0.000,
0.000,
0.000,
73.000,
0.000,
51.000,
78.000,
3.000,
32.000,
0.000,
0.000,
85.000,
0.000,
0.000,
0.000,
114.000,
46.000,
17.000,
22.000,
0.000,
0.000,
0.000,
69.000,
0.000,
172.000,
86.000,
0.000,
0.000,
0.000,
0.000,
0.000,
0.000,
0.000,
0.000,
0.000,
30.000,
0.000,
0.000,
0.000,
26.000,
65.000,
0.000,
43.000,
38.000,
0.000,
0.000,
48.000,
0.000,
0.000,
0.000,
16.000,
0.000,
0.000,
0.000,
0.000,
29.000,
21.000,
4.000,
40.000,
31.000,
41.000,
0.000,
0.000,
0.000,
0.000,
0.000,
55.000,
0.000,
0.000,
0.000,
95.000,
55.000,
0.000,
22.000,
0.000,
13.000,
42.000,
1.000,
32.000,
44.000,
0.000,
16.000,
0.000,
67.000,
45.000,
18.000,
62.000,
0.000,
0.000,
131.000,
87.000,
0.000,
32.000,
0.000,
44.000,
90.000,
49.000,
16.000,
42.000,
0.000,
0.000,
0.000,
43.000,
85.000,
0.000,
87.000,
26.000,
0.000,
116.000,
44.000,
69.000,
83.000,
93.000,
3.000,
28.000,
49.000,
54.000,
0.000,
37.000,
0.000,
48.000,
29.000,
26.000,
78.000,
0.000,
0.000,
0.000,
51.000,
0.000,
0.000,
5.000,
141.000,
0.000,
40.000,
0.000,
105.000,
57.000,
87.000,
31.000,
60.000,
31.000,
27.000,
89.000,
42.000,
50.000,
0.000,
0.000,
34.000,
0.000,
0.000,
65.000,
40.000,
81.000,
69.000,
0.000,
0.000,
0.000,
86.000,
39.000,
0.000,
0.000,
0.000,
0.000,
62.000,
0.000,
0.000,
0.000,
0.000,
0.000,
0.000,
42.000,
34.000,
0.000,
0.000,
36.000,
91.000,
0.000,
0.000,
0.000,
53.000,
35.000,
77.000,
0.000,
50.000,
40.000,
11.000,
0.000,
17.000,
25.000,
110.000,
25.000,
0.000,
30.000,
0.000,
38.000,
0.000,
32.000,
0.000,
20.000,
33.000,
6.000,
25.000,
0.000,
61.000,
16.000,
45.000,
21.000,
34.000,
18.000,
19.000,
0.000,
59.000,
49.000,
8.000,
29.000,
0.000,
0.000,
43.000,
37.000,
43.000,
6.000,
0.000,
12.000,
2.000,
60.000,
0.000,
28.000,
0.000,
0.000,
0.000,
49.000,
34.000,
5.000,
37.000,
40.000,
28.000,
45.000,
39.000,
14.000,
53.000,
52.000,
19.000,
31.000,
32.000,
2.000,
0.000,
41.000,
0.000,
39.000,
72.000,
37.000,
27.000,
6.000,
0.000,
0.000,
33.000,
18.000,
0.000,
21.000,
38.000,
0.000,
48.000,
0.000,
50.000,
62.000,
25.000,
16.000,
37.000,
26.000,
28.000,
35.000,
19.000,
28.000,
0.000,
29.000,
47.000,
0.000,
0.000,
37.000,
37.000,
19.000,
52.000,
0.000,
0.000,
37.000,
111.000,
47.000,
28.000,
0.000,
0.000,
3.000,
14.000,
0.000,
0.000,
0.000,
6.000,
0.000,
5.000,
24.000,
0.000,
0.000,
46.000,
29.000,
36.000,
0.000,
0.000,
19.000,
37.000,
0.000,
74.000,
37.000,
41.000,
22.000,
0.000,
5.000,
0.000,
0.000,
31.000,
32.000,
38.000,
36.000,
14.000,
30.000,
25.000,
51.000,
54.000,
41.000,
46.000,
47.000,
41.000,
18.000,
27.000,
52.000,
60.000,
28.000,
0.000,
70.000,
58.000,
64.000,
45.000,
57.000,
33.000,
0.000,
52.000,
54.000,
49.000,
50.000,
31.000,
38.000,
0.000,
0.000,
0.000,
68.000,
17.000,
44.000,
45.000,
61.000,
61.000,
36.000,
0.000,
31.000,
24.000,
0.000,
47.000,
9.000,
50.000,
36.000,
54.000,
58.000,
49.000,
47.000,
60.000,
49.000,
40.000,
48.000,
20.000,
43.000,
42.000,
0.000,
39.000,
26.000,
6.000,
23.000,
50.000,
84.000,
15.000,
41.000,
0.000,
45.000,
0.000,
0.000,
48.000,
62.000,
27.000,
14.000,
33.000,
0.000,
46.000,
39.000,
40.000,
61.000,
50.000,
49.000,
39.000,
16.000,
43.000,
7.000,
23.000,
18.000,
31.000,
4.000,
19.000,
61.000,
40.000,
54.000,
45.000,
0.000,
40.000,
19.000,
29.000,
59.000,
18.000,
84.000,
78.000,
42.000,
55.000,
0.000,
6.000,
40.000,
55.000,
41.000,
22.000,
43.000,
29.000,
37.000,
41.000,
28.000,
45.000,
14.000,
44.000,
0.000,
45.000,
46.000,
0.000,
4.000,
8.000,
0.000,
0.000,
39.000,
0.000,
0.000,
110.000,
84.000,
91.000,
35.000,
23.000,
58.000,
14.000,
0.000,
14.000,
81.000,
52.000,
0.000,
0.000,
68.000,
83.000,
39.000,
29.000,
8.000,
22.000,
0.000,
50.000,
0.000,
36.000,
0.000,
32.000,
0.000,
22.000,
0.000,
0.000,
94.000,
0.000,
61.000,
79.000,
60.000,
61.000,
0.000,
0.000,
12.000,
0.000,
0.000,
30.000,
0.000,
55.000,
68.000,
44.000,
0.000,
21.000,
0.000,
10.000,
47.000,
34.000,
34.000,
0.000,
85.000,
42.000,
0.000,
38.000,
0.000,
0.000,
59.000,
56.000,
73.000,
0.000,
69.000,
25.000,
87.000,
0.000,
0.000,
37.000,
14.000,
45.000,
0.000,
28.000,
0.000,
54.000,
48.000,
12.000,
50.000,
44.000,
5.000,
15.000,
0.000,
62.000,
41.000,
0.000,
0.000,
0.000,
0.000,
0.000,
55.000,
78.000,
0.000,
89.000,
40.000,
76.000,
0.000,
9.000,
82.000,
0.000,
30.000,
69.000,
0.000,
35.000,
0.000,
73.000,
82.000,
46.000,
64.000,
0.000,
31.000,
0.000,
48.000,
50.000,
0.000,
71.000,
7.000,
52.000,
0.000,
14.000,
4.000,
0.000,
0.000,
19.000,
21.000,
59.000,
57.000,
128.000,
0.000,
39.000,
30.000,
65.000,
39.000,
0.000,
48.000,
0.000,
0.000,
26.000,
48.000,
46.000,
24.000,
0.000,
72.000,
19.000,
46.000,
34.000,
38.000,
19.000,
0.000,
18.000,
0.000,
27.000,
0.000,
0.000,
57.000,
40.000,
0.000,
41.000,
0.000,
78.000,
47.000,
62.000,
0.000,
30.000,
0.000,
0.000,
107.000,
0.000,
0.000,
45.000,
0.000,
49.000,
44.000,
21.000,
4.000,
32.000,
0.000,
16.000,
80.000,
73.000,
34.000,
77.000,
43.000,
48.000,
0.000,
16.000,
108.000,
114.000,
28.000,
49.000,
0.000,
107.000,
26.000,
0.000,
0.000,
0.000,
0.000,
30.000,
0.000,
37.000,
7.000,
28.000,
0.000,
40.000,
30.000,
30.000,
0.000,
69.000,
28.000,
19.000,
126.000,
68.000,
0.000,
0.000,
35.000,
51.000,
0.000,
127.000,
30.000,
42.000,
0.000,
49.000,
103.000,
46.000,
0.000,
4.000,
31.000,
38.000,
23.000,
62.000,
17.000,
27.000,
50.000,
60.000,
77.000,
68.000,
51.000,
0.000,
35.000,
115.000,
42.000,
36.000,
6.000,
64.000,
69.000,
0.000,
0.000,
5.000,
0.000,
9.000,
0.000,
26.000,
120.000,
53.000,
0.000,
96.000,
7.000,
28.000,
111.000,
70.000,
30.000,
54.000,
49.000,
0.000,
0.000,
38.000,
73.000,
73.000,
45.000,
0.000,
46.000,
25.000,
61.000,
59.000,
0.000,
0.000,
6.000,
0.000,
142.000,
35.000,
88.000,
6.000,
40.000,
27.000,
56.000,
95.000,
0.000,
16.000,
80.000,
10.000,
16.000,
19.000,
0.000,
3.000,
27.000,
0.000,
46.000,
3.000,
0.000,
29.000,
25.000,
45.000,
60.000,
11.000,
148.000,
63.000,
34.000,
71.000,
41.000,
82.000,
56.000,
42.000,
11.000,
39.000,
88.000,
49.000,
24.000,
52.000,
0.000,
40.000,
8.000,
0.000,
0.000,
0.000,
21.000,
32.000,
29.000,
73.000,
30.000,
41.000,
88.000,
66.000,
43.000,
23.000,
34.000,
43.000,
0.000,
0.000,
52.000,
43.000,
0.000,
61.000,
0.000,
0.000,
0.000,
66.000,
0.000,
0.000,
44.000,
56.000,
39.000,
33.000,
0.000,
18.000,
11.000,
20.000,
59.000,
13.000,
159.000,
28.000,
31.000,
64.000,
19.000,
35.000,
33.000,
9.000,
41.000,
116.000,
41.000,
65.000,
77.000,
46.000,
57.000,
65.000,
23.000,
4.000,
0.000,
20.000,
0.000,
38.000,
33.000,
7.000,
20.000,
48.000,
22.000,
24.000,
48.000,
36.000,
25.000,
28.000,
38.000,
0.000,
0.000,
29.000,
40.000,
43.000,
46.000,
35.000,
22.000,
34.000,
28.000,
27.000,
9.000,
2.000,
43.000,
13.000,
50.000,
38.000,
46.000,
30.000,
24.000,
58.000,
61.000,
38.000,
51.000,
14.000,
43.000,
0.000,
43.000,
15.000,
0.000,
2.000,
0.000,
13.000,
1.000,
55.000,
7.000,
30.000,
34.000,
28.000,
42.000,
27.000,
62.000,
28.000,
45.000,
21.000,
42.000,
22.000,
37.000,
34.000,
56.000,
42.000,
37.000,
23.000,
16.000,
48.000,
0.000,
29.000,
35.000,
0.000,
99.000,
0.000,
11.000,
34.000,
49.000,
55.000,
28.000,
47.000,
58.000,
42.000,
30.000,
27.000,
35.000,
40.000,
64.000,
0.000,
21.000,
26.000,
41.000,
37.000,
0.000,
0.000,
3.000,
35.000,
55.000,
3.000,
28.000,
39.000,
10.000,
27.000,
8.000,
20.000,
16.000,
27.000,
48.000,
34.000,
54.000,
43.000,
4.000,
58.000,
36.000,
29.000,
55.000,
21.000,
46.000,
36.000,
16.000,
33.000,
46.000,
21.000,
31.000,
44.000,
61.000,
47.000,
0.000,
