# layer2.relu1 (shape [6, 10, 64]),
0.000,
0.000,
0.000,
8.000,
23.000,
0.000,
20.000,
0.000,
0.000,
35.000,
0.000,
4.000,
16.000,
23.000,
71.000,
0.000,
55.000,
0.000,
70.000,
80.000,
9.000,
5.000,
18.000,
0.000,
20.000,
0.000,
3.000,
98.000,
0.000,
0.000,
0.000,
0.000,
0.000,
0.000,
0.000,
63.000,
69.000,
12.000,
0.000,
73.000,
0.000,
62.000,
0.000,
42.000,
0.000,
32.000,
0.000,
41.000,
0.000,
0.000,
0.000,
0.000,
0.000,
0.000,
0.000,
36.000,
0.000,
0.000,
0.000,
0.000,
50.000,
0.000,
47.000,
55.000,
0.000,
0.000,
0.000,
1.000,
31.000,
0.000,
0.000,
14.000,
0.000,
35.000,
23.000,
0.000,
37.000,
0.000,
22.000,
0.000,
55.000,
0.000,
55.000,
13.000,
0.000,
0.000,
11.000,
0.000,
0.000,
0.000,
0.000,
9.000,
0.000,
0.000,
0.000,
0.000,
28.000,
80.000,
5.000,
59.000,
4.000,
33.000,
1.000,
90.000,
0.000,
0.000,
0.000,
0.000,
0.000,
0.000,
0.000,
0.000,
0.000,
0.000,
12.000,
0.000,
0.000,
0.000,
0.000,
1.000,
0.000,
0.000,
0.000,
0.000,
51.000,
0.000,
19.000,
26.000,
0.000,
9.000,
0.000,
0.000,
50.000,
43.000,
0.000,
0.000,
0.000,
0.000,
75.000,
0.000,
0.000,
0.000,
0.000,
0.000,
18.000,
0.000,
3.000,
0.000,
0.000,
0.000,
0.000,
0.000,
0.000,
13.000,
1.000,
0.000,
0.000,
0.000,
0.000,
0.000,
25.000,
21.000,
44.000,
0.000,
66.000,
41.000,
0.000,
36.000,
39.000,
0.000,
0.000,
0.000,
58.000,
4.000,
0.000,
7.000,
0.000,
0.000,
49.000,
0.000,
72.000,
0.000,
4.000,
0.000,
3.000,
0.000,
24.000,
62.000,
26.000,
0.000,
0.000,
20.000,
0.000,
0.000,
0.000,
0.000,
0.000,
42.000,
24.000,
0.000,
0.000,
0.000,
49.000,
17.000,
0.000,
0.000,
0.000,
0.000,
19.000,
0.000,
11.000,
0.000,
0.000,
0.000,
0.000,
0.000,
0.000,
14.000,
3.000,
14.000,
0.000,
0.000,
0.000,
0.000,
39.000,
0.000,
0.000,
0.000,
103.000,
85.000,
0.000,
45.000,
0.000,
35.000,
0.000,
0.000,
99.000,
0.000,
0.000,
36.000,
29.000,
0.000,
67.000,
0.000,
92.000,
0.000,
32.000,
23.000,
49.000,
6.000,
47.000,
0.000,
87.000,
0.000,
0.000,
0.000,
22.000,
2.000,
0.000,
0.000,
12.000,
33.000,
31.000,
0.000,
0.000,
0.000,
53.000,
0.000,
0.000,
0.000,
0.000,
0.000,
1.000,
0.000,
24.000,
0.000,
0.000,
0.000,
0.000,
0.000,
7.000,
0.000,
32.000,
34.000,
0.000,
0.000,
0.000,
0.000,
12.000,
0.000,
0.000,
11.000,
101.000,
41.000,
0.000,
26.000,
0.000,
51.000,
0.000,
0.000,
58.000,
0.000,
0.000,
35.000,
1.000,
0.000,
53.000,
0.000,
55.000,
0.000,
1.000,
18.000,
26.000,
0.000,
58.000,
1.000,
38.000,
0.000,
0.000,
14.000,
36.000,
23.000,
0.000,
0.000,
11.000,
52.000,
38.000,
3.000,
0.000,
0.000,
68.000,
14.000,
0.000,
11.000,
0.000,
0.000,
15.000,
0.000,
6.000,
0.000,
0.000,
16.000,
0.000,
0.000,
35.000,
0.000,
48.000,
26.000,
0.000,
0.000,
0.000,
8.000,
10.000,
0.000,
0.000,
0.000,
72.000,
41.000,
0.000,
21.000,
2.000,
7.000,
0.000,
0.000,
32.000,
0.000,
0.000,
36.000,
2.000,
0.000,
19.000,
17.000,
7.000,
0.000,
0.000,
43.000,
22.000,
0.000,
27.000,
0.000,
25.000,
0.000,
0.000,
46.000,
0.000,
23.000,
0.000,
0.000,
20.000,
48.000,
9.000,
0.000,
0.000,
2.000,
44.000,
18.000,
0.000,
0.000,
18.000,
0.000,
27.000,
0.000,
17.000,
35.000,
0.000,
0.000,
0.000,
0.000,
9.000,
0.000,
1.000,
9.000,
0.000,
0.000,
0.000,
17.000,
0.000,
0.000,
0.000,
5.000,
85.000,
1.000,
0.000,
0.000,
0.000,
14.000,
0.000,
39.000,
47.000,
0.000,
0.000,
5.000,
0.000,
0.000,
15.000,
27.000,
0.000,
0.000,
0.000,
28.000,
28.000,
0.000,
41.000,
0.000,
0.000,
0.000,
0.000,
12.000,
0.000,
22.000,
0.000,
0.000,
63.000,
38.000,
0.000,
0.000,
0.000,
0.000,
4.000,
0.000,
29.000,
0.000,
52.000,
0.000,
45.000,
0.000,
13.000,
7.000,
6.000,
0.000,
0.000,
0.000,
13.000,
0.000,
0.000,
0.000,
0.000,
0.000,
0.000,
0.000,
0.000,
0.000,
0.000,
20.000,
31.000,
0.000,
6.000,
0.000,
0.000,
1.000,
0.000,
31.000,
30.000,
77.000,
0.000,
0.000,
0.000,
12.000,
67.000,
0.000,
0.000,
0.000,
0.000,
0.000,
0.000,
0.000,
0.000,
7.000,
0.000,
0.000,
0.000,
28.000,
0.000,
19.000,
0.000,
0.000,
0.000,
44.000,
0.000,
0.000,
0.000,
1.000,
11.000,
0.000,
2.000,
0.000,
0.000,
0.000,
43.000,
0.000,
20.000,
10.000,
11.000,
0.000,
0.000,
0.000,
33.000,
0.000,
0.000,
0.000,
0.000,
0.000,
7.000,
0.000,
0.000,
0.000,
0.000,
0.000,
33.000,
7.000,
0.000,
5.000,
30.000,
51.000,
0.000,
11.000,
43.000,
75.000,
18.000,
0.000,
0.000,
0.000,
84.000,
0.000,
0.000,
0.000,
14.000,
12.000,
15.000,
0.000,
0.000,
19.000,
29.000,
0.000,
0.000,
56.000,
10.000,
10.000,
0.000,
0.000,
0.000,
29.000,
27.000,
1.000,
0.000,
0.000,
38.000,
2.000,
0.000,
0.000,
0.000,
0.000,
20.000,
0.000,
9.000,
0.000,
0.000,
25.000,
0.000,
0.000,
30.000,
0.000,
11.000,
6.000,
3.000,
0.000,
0.000,
0.000,
2.000,
16.000,
0.000,
0.000,
15.000,
51.000,
0.000,
18.000,
45.000,
64.000,
0.000,
0.000,
62.000,
62.000,
32.000,
41.000,
0.000,
0.000,
75.000,
0.000,
0.000,
0.000,
9.000,
15.000,
8.000,
2.000,
0.000,
6.000,
70.000,
0.000,
0.000,
22.000,
0.000,
0.000,
22.000,
0.000,
0.000,
13.000,
0.000,
0.000,
0.000,
0.000,
0.000,
64.000,
6.000,
23.000,
101.000,
0.000,
0.000,
0.000,
41.000,
109.000,
23.000,
47.000,
0.000,
0.000,
0.000,
39.000,
0.000,
101.000,
0.000,
0.000,
0.000,
80.000,
0.000,
0.000,
0.000,
48.000,
95.000,
16.000,
0.000,
0.000,
0.000,
29.000,
0.000,
34.000,
0.000,
0.000,
0.000,
0.000,
0.000,
30.000,
0.000,
0.000,
0.000,
58.000,
1.000,
38.000,
3.000,
6.000,
0.000,
0.000,
28.000,
0.000,
0.000,
51.000,
0.000,
0.000,
0.000,
0.000,
4.000,
0.000,
0.000,
0.000,
0.000,
0.000,
0.000,
0.000,
56.000,
0.000,
54.000,
0.000,
0.000,
4.000,
0.000,
0.000,
31.000,
0.000,
0.000,
1.000,
0.000,
0.000,
0.000,
0.000,
0.000,
0.000,
11.000,
0.000,
0.000,
7.000,
0.000,
0.000,
2.000,
28.000,
18.000,
0.000,
0.000,
0.000,
0.000,
0.000,
0.000,
0.000,
0.000,
0.000,
63.000,
0.000,
81.000,
0.000,
26.000,
0.000,
40.000,
0.000,
0.000,
61.000,
0.000,
0.000,
53.000,
81.000,
0.000,
0.000,
0.000,
42.000,
0.000,
0.000,
82.000,
0.000,
0.000,
0.000,
0.000,
0.000,
0.000,
21.000,
0.000,
21.000,
17.000,
0.000,
0.000,
79.000,
0.000,
0.000,
60.000,
0.000,
0.000,
0.000,
0.000,
0.000,
56.000,
0.000,
25.000,
0.000,
66.000,
0.000,
0.000,
19.000,
49.000,
28.000,
0.000,
0.000,
0.000,
42.000,
8.000,
50.000,
0.000,
39.000,
0.000,
0.000,
0.000,
22.000,
0.000,
0.000,
93.000,
0.000,
35.000,
12.000,
0.000,
0.000,
0.000,
63.000,
0.000,
13.000,
0.000,
37.000,
0.000,
0.000,
56.000,
0.000,
8.000,
0.000,
81.000,
0.000,
0.000,
0.000,
63.000,
73.000,
40.000,
50.000,
0.000,
37.000,
0.000,
0.000,
0.000,
40.000,
0.000,
29.000,
0.000,
0.000,
0.000,
0.000,
0.000,
20.000,
89.000,
29.000,
0.000,
0.000,
0.000,
39.000,
29.000,
0.000,
0.000,
0.000,
28.000,
0.000,
0.000,
49.000,
0.000,
0.000,
0.000,
73.000,
0.000,
0.000,
0.000,
15.000,
13.000,
0.000,
0.000,
0.000,
30.000,
54.000,
0.000,
4.000,
0.000,
50.000,
90.000,
0.000,
0.000,
0.000,
0.000,
0.000,
89.000,
0.000,
14.000,
14.000,
82.000,
0.000,
0.000,
0.000,
46.000,
73.000,
61.000,
0.000,
0.000,
32.000,
0.000,
0.000,
0.000,
17.000,
0.000,
108.000,
0.000,
0.000,
0.000,
20.000,
0.000,
25.000,
67.000,
54.000,
0.000,
0.000,
0.000,
69.000,
80.000,
0.000,
0.000,
20.000,
69.000,
0.000,
0.000,
72.000,
0.000,
38.000,
0.000,
86.000,
14.000,
0.000,
5.000,
0.000,
95.000,
0.000,
0.000,
6.000,
61.000,
48.000,
0.000,
0.000,
0.000,
5.000,
111.000,
0.000,
0.000,
0.000,
0.000,
0.000,
107.000,
20.000,
0.000,
0.000,
107.000,
0.000,
0.000,
0.000,
4.000,
1.000,
65.000,
1.000,
0.000,
0.000,
0.000,
0.000,
0.000,
43.000,
0.000,
51.000,
0.000,
0.000,
0.000,
0.000,
0.000,
10.000,
80.000,
0.000,
0.000,
0.000,
0.000,
97.000,
76.000,
0.000,
0.000,
0.000,
38.000,
0.000,
0.000,
12.000,
0.000,
0.000,
0.000,
33.000,
0.000,
0.000,
73.000,
35.000,
74.000,
0.000,
0.000,
55.000,
85.000,
4.000,
0.000,
25.000,
16.000,
0.000,
78.000,
0.000,
0.000,
0.000,
0.000,
0.000,
74.000,
67.000,
0.000,
0.000,
58.000,
0.000,
0.000,
0.000,
0.000,
0.000,
17.000,
48.000,
0.000,
0.000,
0.000,
3.000,
0.000,
0.000,
0.000,
11.000,
25.000,
48.000,
0.000,
0.000,
15.000,
0.000,
82.000,
0.000,
0.000,
0.000,
0.000,
96.000,
0.000,
8.000,
0.000,
0.000,
12.000,
0.000,
0.000,
0.000,
0.000,
19.000,
0.000,
0.000,
0.000,
0.000,
59.000,
29.000,
28.000,
0.000,
0.000,
0.000,
25.000,
0.000,
0.000,
15.000,
51.000,
0.000,
0.000,
0.000,
7.000,
0.000,
0.000,
0.000,
0.000,
32.000,
5.000,
0.000,
0.000,
44.000,
24.000,
17.000,
0.000,
0.000,
36.000,
95.000,
0.000,
55.000,
0.000,
0.000,
0.000,
0.000,
0.000,
0.000,
18.000,
82.000,
0.000,
0.000,
2.000,
0.000,
0.000,
0.000,
43.000,
0.000,
11.000,
71.000,
0.000,
0.000,
26.000,
0.000,
0.000,
0.000,
0.000,
0.000,
6.000,
11.000,
18.000,
23.000,
2.000,
0.000,
0.000,
0.000,
0.000,
0.000,
49.000,
0.000,
0.000,
0.000,
0.000,
0.000,
0.000,
13.000,
0.000,
0.000,
0.000,
0.000,
33.000,
0.000,
0.000,
0.000,
54.000,
22.000,
0.000,
27.000,
49.000,
54.000,
6.000,
55.000,
46.000,
47.000,
0.000,
75.000,
0.000,
0.000,
0.000,
0.000,
0.000,
0.000,
0.000,
19.000,
0.000,
0.000,
0.000,
0.000,
0.000,
0.000,
71.000,
0.000,
68.000,
50.000,
0.000,
0.000,
0.000,
0.000,
0.000,
0.000,
0.000,
0.000,
30.000,
0.000,
0.000,
82.000,
14.000,
7.000,
0.000,
0.000,
0.000,
0.000,
66.000,
11.000,
0.000,
0.000,
0.000,
0.000,
0.000,
43.000,
0.000,
7.000,
0.000,
0.000,
44.000,
0.000,
0.000,
0.000,
63.000,
0.000,
0.000,
10.000,
38.000,
48.000,
0.000,
37.000,
0.000,
20.000,
0.000,
18.000,
0.000,
0.000,
0.000,
0.000,
0.000,
0.000,
0.000,
0.000,
0.000,
0.000,
0.000,
3.000,
0.000,
0.000,
88.000,
0.000,
60.000,
16.000,
34.000,
0.000,
0.000,
0.000,
14.000,
0.000,
0.000,
0.000,
27.000,
42.000,
0.000,
85.000,
35.000,
71.000,
4.000,
0.000,
0.000,
37.000,
53.000,
21.000,
0.000,
0.000,
0.000,
0.000,
0.000,
68.000,
0.000,
14.000,
0.000,
0.000,
15.000,
0.000,
0.000,
0.000,
16.000,
0.000,
0.000,
10.000,
0.000,
24.000,
0.000,
1.000,
0.000,
40.000,
0.000,
78.000,
22.000,
0.000,
0.000,
0.000,
0.000,
37.000,
0.000,
60.000,
0.000,
0.000,
0.000,
46.000,
10.000,
63.000,
0.000,
0.000,
0.000,
62.000,
0.000,
0.000,
52.000,
0.000,
26.000,
37.000,
0.000,
0.000,
0.000,
55.000,
9.000,
4.000,
0.000,
0.000,
0.000,
0.000,
4.000,
4.000,
0.000,
0.000,
0.000,
10.000,
14.000,
12.000,
39.000,
27.000,
0.000,
23.000,
1.000,
0.000,
0.000,
104.000,
19.000,
15.000,
51.000,
10.000,
55.000,
0.000,
0.000,
25.000,
5.000,
26.000,
8.000,
0.000,
0.000,
0.000,
0.000,
0.000,
0.000,
0.000,
0.000,
10.000,
0.000,
0.000,
0.000,
40.000,
0.000,
63.000,
54.000,
0.000,
45.000,
0.000,
0.000,
0.000,
0.000,
0.000,
0.000,
0.000,
17.000,
0.000,
1.000,
0.000,
0.000,
10.000,
19.000,
28.000,
9.000,
17.000,
0.000,
0.000,
17.000,
0.000,
0.000,
0.000,
31.000,
3.000,
6.000,
0.000,
0.000,
51.000,
3.000,
0.000,
0.000,
9.000,
0.000,
0.000,
0.000,
0.000,
0.000,
0.000,
43.000,
0.000,
0.000,
0.000,
34.000,
0.000,
0.000,
0.000,
0.000,
0.000,
24.000,
0.000,
0.000,
15.000,
9.000,
0.000,
48.000,
0.000,
0.000,
0.000,
0.000,
0.000,
85.000,
16.000,
0.000,
0.000,
0.000,
0.000,
0.000,
0.000,
5.000,
24.000,
33.000,
0.000,
61.000,
0.000,
0.000,
0.000,
61.000,
0.000,
0.000,
0.000,
0.000,
0.000,
0.000,
2.000,
0.000,
0.000,
0.000,
119.000,
0.000,
0.000,
27.000,
0.000,
0.000,
0.000,
0.000,
45.000,
0.000,
16.000,
26.000,
0.000,
0.000,
0.000,
21.000,
0.000,
0.000,
0.000,
34.000,
0.000,
0.000,
29.000,
0.000,
0.000,
49.000,
0.000,
0.000,
0.000,
0.000,
46.000,
65.000,
10.000,
0.000,
0.000,
0.000,
0.000,
113.000,
10.000,
0.000,
0.000,
0.000,
0.000,
0.000,
0.000,
0.000,
133.000,
14.000,
0.000,
25.000,
0.000,
0.000,
10.000,
59.000,
19.000,
0.000,
0.000,
1.000,
19.000,
0.000,
0.000,
30.000,
0.000,
0.000,
160.000,
0.000,
0.000,
0.000,
0.000,
54.000,
0.000,
0.000,
0.000,
7.000,
59.000,
48.000,
0.000,
0.000,
66.000,
0.000,
0.000,
0.000,
0.000,
62.000,
0.000,
0.000,
0.000,
71.000,
7.000,
0.000,
62.000,
0.000,
9.000,
9.000,
0.000,
0.000,
39.000,
0.000,
0.000,
0.000,
32.000,
15.000,
29.000,
0.000,
0.000,
9.000,
0.000,
38.000,
0.000,
0.000,
43.000,
18.000,
43.000,
70.000,
0.000,
2.000,
0.000,
0.000,
0.000,
0.000,
0.000,
0.000,
30.000,
48.000,
0.000,
15.000,
0.000,
10.000,
118.000,
0.000,
10.000,
0.000,
0.000,
72.000,
0.000,
0.000,
15.000,
20.000,
56.000,
32.000,
0.000,
0.000,
27.000,
32.000,
0.000,
0.000,
0.000,
47.000,
0.000,
0.000,
0.000,
41.000,
28.000,
46.000,
48.000,
39.000,
87.000,
0.000,
0.000,
0.000,
0.000,
0.000,
10.000,
0.000,
7.000,
42.000,
0.000,
0.000,
20.000,
50.000,
0.000,
55.000,
0.000,
0.000,
5.000,
33.000,
21.000,
76.000,
0.000,
0.000,
0.000,
0.000,
0.000,
17.000,
0.000,
11.000,
97.000,
24.000,
0.000,
0.000,
5.000,
47.000,
38.000,
0.000,
43.000,
0.000,
0.000,
104.000,
3.000,
0.000,
33.000,
40.000,
58.000,
61.000,
0.000,
0.000,
0.000,
173.000,
14.000,
0.000,
0.000,
0.000,
0.000,
0.000,
0.000,
0.000,
14.000,
0.000,
7.000,
21.000,
94.000,
0.000,
0.000,
0.000,
2.000,
0.000,
0.000,
0.000,
0.000,
69.000,
0.000,
0.000,
0.000,
11.000,
0.000,
6.000,
48.000,
0.000,
0.000,
11.000,
0.000,
39.000,
0.000,
0.000,
0.000,
0.000,
0.000,
0.000,
0.000,
97.000,
90.000,
0.000,
47.000,
0.000,
31.000,
19.000,
0.000,
0.000,
34.000,
0.000,
0.000,
31.000,
31.000,
0.000,
43.000,
17.000,
48.000,
34.000,
0.000,
0.000,
0.000,
0.000,
8.000,
62.000,
45.000,
0.000,
0.000,
52.000,
45.000,
0.000,
0.000,
0.000,
0.000,
0.000,
1.000,
0.000,
0.000,
39.000,
102.000,
26.000,
0.000,
0.000,
0.000,
12.000,
0.000,
0.000,
0.000,
0.000,
0.000,
0.000,
0.000,
3.000,
0.000,
0.000,
0.000,
0.000,
8.000,
20.000,
0.000,
38.000,
0.000,
0.000,
0.000,
8.000,
25.000,
0.000,
0.000,
0.000,
35.000,
24.000,
0.000,
0.000,
0.000,
0.000,
0.000,
0.000,
53.000,
25.000,
2.000,
0.000,
98.000,
0.000,
0.000,
0.000,
78.000,
0.000,
0.000,
27.000,
119.000,
0.000,
0.000,
98.000,
77.000,
0.000,
0.000,
0.000,
0.000,
0.000,
0.000,
7.000,
0.000,
0.000,
80.000,
34.000,
0.000,
0.000,
19.000,
0.000,
0.000,
73.000,
0.000,
0.000,
36.000,
42.000,
0.000,
0.000,
0.000,
0.000,
20.000,
0.000,
0.000,
26.000,
18.000,
89.000,
0.000,
24.000,
0.000,
0.000,
0.000,
0.000,
0.000,
24.000,
0.000,
0.000,
0.000,
0.000,
0.000,
71.000,
0.000,
1.000,
0.000,
0.000,
0.000,
41.000,
0.000,
0.000,
0.000,
0.000,
61.000,
0.000,
52.000,
21.000,
102.000,
0.000,
0.000,
84.000,
34.000,
0.000,
0.000,
0.000,
0.000,
0.000,
0.000,
0.000,
0.000,
0.000,
23.000,
9.000,
0.000,
0.000,
4.000,
0.000,
0.000,
97.000,
4.000,
0.000,
0.000,
53.000,
0.000,
10.000,
0.000,
0.000,
4.000,
0.000,
0.000,
25.000,
33.000,
125.000,
0.000,
37.000,
33.000,
1.000,
0.000,
0.000,
0.000,
36.000,
7.000,
0.000,
0.000,
0.000,
0.000,
18.000,
17.000,
0.000,
0.000,
0.000,
0.000,
24.000,
0.000,
0.000,
0.000,
15.000,
0.000,
0.000,
22.000,
0.000,
0.000,
0.000,
8.000,
0.000,
36.000,
0.000,
64.000,
22.000,
10.000,
19.000,
20.000,
0.000,
47.000,
0.000,
45.000,
26.000,
0.000,
0.000,
0.000,
0.000,
51.000,
0.000,
0.000,
0.000,
15.000,
0.000,
0.000,
0.000,
0.000,
15.000,
7.000,
0.000,
40.000,
0.000,
86.000,
21.000,
4.000,
0.000,
0.000,
0.000,
12.000,
0.000,
0.000,
0.000,
0.000,
0.000,
0.000,
0.000,
18.000,
0.000,
7.000,
0.000,
11.000,
46.000,
0.000,
51.000,
95.000,
0.000,
0.000,
0.000,
47.000,
143.000,
0.000,
0.000,
2.000,
0.000,
11.000,
0.000,
0.000,
0.000,
0.000,
0.000,
0.000,
0.000,
23.000,
0.000,
18.000,
0.000,
0.000,
0.000,
26.000,
0.000,
0.000,
25.000,
0.000,
65.000,
0.000,
0.000,
0.000,
44.000,
60.000,
36.000,
17.000,
0.000,
0.000,
6.000,
0.000,
0.000,
0.000,
43.000,
25.000,
0.000,
0.000,
48.000,
0.000,
0.000,
0.000,
0.000,
9.000,
0.000,
0.000,
0.000,
0.000,
0.000,
0.000,
12.000,
0.000,
0.000,
0.000,
77.000,
0.000,
0.000,
0.000,
0.000,
0.000,
154.000,
0.000,
0.000,
0.000,
0.000,
0.000,
0.000,
70.000,
0.000,
0.000,
41.000,
0.000,
0.000,
0.000,
0.000,
0.000,
124.000,
67.000,
0.000,
0.000,
0.000,
0.000,
114.000,
0.000,
0.000,
0.000,
0.000,
0.000,
0.000,
127.000,
119.000,
0.000,
0.000,
0.000,
74.000,
18.000,
0.000,
0.000,
132.000,
0.000,
0.000,
0.000,
0.000,
0.000,
0.000,
13.000,
0.000,
0.000,
0.000,
112.000,
0.000,
0.000,
0.000,
0.000,
0.000,
15.000,
0.000,
1.000,
0.000,
0.000,
3.000,
0.000,
0.000,
0.000,
0.000,
4.000,
0.000,
0.000,
27.000,
0.000,
36.000,
81.000,
0.000,
0.000,
0.000,
0.000,
0.000,
0.000,
0.000,
0.000,
64.000,
0.000,
0.000,
0.000,
0.000,
5.000,
1.000,
0.000,
0.000,
0.000,
0.000,
0.000,
0.000,
0.000,
132.000,
0.000,
0.000,
0.000,
44.000,
0.000,
0.000,
0.000,
73.000,
0.000,
0.000,
0.000,
0.000,
0.000,
0.000,
26.000,
46.000,
0.000,
31.000,
39.000,
0.000,
0.000,
0.000,
0.000,
0.000,
93.000,
0.000,
0.000,
0.000,
56.000,
4.000,
26.000,
9.000,
0.000,
0.000,
0.000,
3.000,
0.000,
62.000,
0.000,
14.000,
45.000,
0.000,
31.000,
0.000,
9.000,
0.000,
0.000,
0.000,
0.000,
0.000,
0.000,
0.000,
0.000,
0.000,
111.000,
0.000,
0.000,
0.000,
0.000,
0.000,
0.000,
22.000,
0.000,
0.000,
0.000,
20.000,
28.000,
0.000,
0.000,
0.000,
0.000,
23.000,
0.000,
23.000,
0.000,
0.000,
0.000,
70.000,
0.000,
0.000,
0.000,
132.000,
14.000,
7.000,
0.000,
17.000,
17.000,
32.000,
0.000,
0.000,
14.000,
0.000,
0.000,
17.000,
9.000,
0.000,
0.000,
0.000,
0.000,
0.000,
0.000,
32.000,
1.000,
6.000,
36.000,
0.000,
34.000,
0.000,
1.000,
0.000,
0.000,
0.000,
0.000,
0.000,
0.000,
0.000,
0.000,
0.000,
80.000,
0.000,
0.000,
0.000,
0.000,
0.000,
0.000,
49.000,
0.000,
0.000,
0.000,
63.000,
47.000,
0.000,
0.000,
0.000,
0.000,
0.000,
0.000,
52.000,
0.000,
0.000,
0.000,
92.000,
0.000,
0.000,
0.000,
171.000,
11.000,
9.000,
0.000,
37.000,
19.000,
66.000,
0.000,
0.000,
17.000,
0.000,
0.000,
51.000,
0.000,
7.000,
0.000,
2.000,
0.000,
32.000,
0.000,
0.000,
0.000,
0.000,
0.000,
0.000,
7.000,
9.000,
0.000,
17.000,
45.000,
0.000,
0.000,
0.000,
0.000,
0.000,
0.000,
0.000,
0.000,
33.000,
19.000,
0.000,
0.000,
16.000,
0.000,
13.000,
0.000,
0.000,
0.000,
85.000,
0.000,
33.000,
0.000,
0.000,
66.000,
0.000,
0.000,
43.000,
7.000,
0.000,
64.000,
23.000,
9.000,
0.000,
0.000,
93.000,
0.000,
0.000,
11.000,
31.000,
0.000,
24.000,
88.000,
0.000,
20.000,
0.000,
1.000,
0.000,
0.000,
0.000,
0.000,
37.000,
0.000,
0.000,
0.000,
0.000,
0.000,
0.000,
0.000,
0.000,
0.000,
61.000,
0.000,
6.000,
57.000,
17.000,
36.000,
4.000,
0.000,
0.000,
0.000,
0.000,
0.000,
32.000,
27.000,
0.000,
30.000,
44.000,
0.000,
0.000,
0.000,
0.000,
110.000,
0.000,
0.000,
17.000,
35.000,
0.000,
68.000,
0.000,
21.000,
0.000,
25.000,
42.000,
21.000,
0.000,
36.000,
8.000,
38.000,
5.000,
40.000,
0.000,
0.000,
0.000,
0.000,
0.000,
24.000,
0.000,
0.000,
44.000,
26.000,
0.000,
0.000,
0.000,
27.000,
7.000,
0.000,
0.000,
0.000,
0.000,
2.000,
0.000,
0.000,
50.000,
0.000,
0.000,
30.000,
49.000,
10.000,
7.000,
1.000,
0.000,
12.000,
35.000,
3.000,
0.000,
3.000,
0.000,
3.000,
0.000,
0.000,
0.000,
53.000,
46.000,
77.000,
0.000,
23.000,
0.000,
15.000,
0.000,
28.000,
65.000,
0.000,
0.000,
0.000,
0.000,
0.000,
75.000,
0.000,
0.000,
0.000,
0.000,
0.000,
0.000,
0.000,
0.000,
7.000,
0.000,
0.000,
0.000,
0.000,
84.000,
19.000,
12.000,
0.000,
0.000,
0.000,
0.000,
0.000,
0.000,
16.000,
0.000,
2.000,
0.000,
0.000,
40.000,
31.000,
0.000,
0.000,
0.000,
12.000,
11.000,
0.000,
0.000,
0.000,
0.000,
18.000,
42.000,
41.000,
0.000,
0.000,
0.000,
0.000,
20.000,
0.000,
0.000,
72.000,
63.000,
160.000,
83.000,
0.000,
0.000,
34.000,
0.000,
0.000,
94.000,
0.000,
0.000,
0.000,
0.000,
0.000,
98.000,
35.000,
0.000,
0.000,
0.000,
0.000,
54.000,
0.000,
14.000,
11.000,
0.000,
0.000,
0.000,
7.000,
123.000,
31.000,
4.000,
0.000,
0.000,
0.000,
7.000,
0.000,
0.000,
12.000,
0.000,
0.000,
0.000,
0.000,
0.000,
36.000,
8.000,
60.000,
48.000,
17.000,
10.000,
0.000,
72.000,
81.000,
7.000,
49.000,
19.000,
0.000,
5.000,
12.000,
0.000,
71.000,
0.000,
21.000,
0.000,
28.000,
0.000,
0.000,
0.000,
0.000,
66.000,
15.000,
29.000,
0.000,
0.000,
46.000,
5.000,
25.000,
0.000,
0.000,
0.000,
0.000,
0.000,
44.000,
0.000,
0.000,
0.000,
8.000,
0.000,
59.000,
0.000,
0.000,
0.000,
0.000,
5.000,
0.000,
4.000,
117.000,
3.000,
0.000,
0.000,
0.000,
0.000,
0.000,
0.000,
0.000,
0.000,
0.000,
0.000,
0.000,
45.000,
0.000,
95.000,
0.000,
57.000,
78.000,
0.000,
0.000,
18.000,
0.000,
62.000,
76.000,
11.000,
0.000,
0.000,
0.000,
0.000,
4.000,
0.000,
0.000,
0.000,
60.000,
0.000,
0.000,
0.000,
0.000,
141.000,
3.000,
0.000,
0.000,
20.000,
0.000,
0.000,
0.000,
0.000,
0.000,
0.000,
33.000,
0.000,
41.000,
0.000,
0.000,
0.000,
62.000,
0.000,
0.000,
2.000,
0.000,
4.000,
103.000,
71.000,
60.000,
31.000,
0.000,
0.000,
0.000,
63.000,
5.000,
0.000,
0.000,
0.000,
0.000,
0.000,
0.000,
0.000,
0.000,
17.000,
0.000,
34.000,
118.000,
0.000,
0.000,
94.000,
0.000,
90.000,
41.000,
0.000,
0.000,
48.000,
0.000,
0.000,
0.000,
0.000,
0.000,
0.000,
80.000,
156.000,
0.000,
0.000,
0.000,
78.000,
72.000,
6.000,
0.000,
0.000,
0.000,
0.000,
0.000,
0.000,
0.000,
0.000,
52.000,
0.000,
15.000,
21.000,
0.000,
0.000,
0.000,
0.000,
5.000,
0.000,
169.000,
55.000,
91.000,
53.000,
124.000,
42.000,
0.000,
0.000,
0.000,
0.000,
0.000,
0.000,
4.000,
89.000,
0.000,
136.000,
27.000,
0.000,
0.000,
0.000,
0.000,
0.000,
72.000,
0.000,
25.000,
5.000,
28.000,
7.000,
0.000,
0.000,
0.000,
54.000,
0.000,
0.000,
0.000,
0.000,
37.000,
0.000,
0.000,
92.000,
0.000,
0.000,
0.000,
0.000,
104.000,
86.000,
0.000,
0.000,
0.000,
0.000,
0.000,
0.000,
108.000,
0.000,
0.000,
0.000,
11.000,
80.000,
0.000,
3.000,
0.000,
0.000,
0.000,
80.000,
11.000,
68.000,
41.000,
32.000,
94.000,
82.000,
0.000,
14.000,
19.000,
18.000,
0.000,
0.000,
30.000,
89.000,
86.000,
76.000,
54.000,
0.000,
27.000,
0.000,
0.000,
0.000,
0.000,
0.000,
107.000,
0.000,
0.000,
0.000,
73.000,
0.000,
88.000,
32.000,
64.000,
2.000,
0.000,
0.000,
126.000,
48.000,
0.000,
0.000,
0.000,
0.000,
0.000,
0.000,
62.000,
1.000,
0.000,
0.000,
96.000,
0.000,
0.000,
0.000,
41.000,
73.000,
0.000,
0.000,
44.000,
49.000,
36.000,
5.000,
0.000,
0.000,
31.000,
148.000,
0.000,
0.000,
0.000,
0.000,
0.000,
58.000,
0.000,
0.000,
27.000,
52.000,
0.000,
0.000,
36.000,
61.000,
87.000,
32.000,
10.000,
0.000,
41.000,
0.000,
0.000,
0.000,
0.000,
0.000,
90.000,
0.000,
0.000,
0.000,
68.000,
0.000,
48.000,
24.000,
58.000,
0.000,
0.000,
0.000,
49.000,
60.000,
0.000,
0.000,
3.000,
0.000,
0.000,
0.000,
59.000,
14.000,
19.000,
0.000,
74.000,
7.000,
0.000,
38.000,
0.000,
100.000,
0.000,
0.000,
0.000,
75.000,
52.000,
0.000,
0.000,
0.000,
57.000,
128.000,
0.000,
0.000,
0.000,
0.000,
0.000,
1.000,
0.000,
13.000,
44.000,
29.000,
0.000,
0.000,
9.000,
0.000,
53.000,
0.000,
0.000,
0.000,
10.000,
0.000,
0.000,
0.000,
0.000,
74.000,
69.000,
0.000,
0.000,
0.000,
5.000,
0.000,
7.000,
21.000,
98.000,
5.000,
13.000,
0.000,
3.000,
25.000,
0.000,
0.000,
66.000,
105.000,
0.000,
0.000,
40.000,
0.000,
54.000,
14.000,
71.000,
40.000,
0.000,
18.000,
11.000,
40.000,
0.000,
0.000,
0.000,
0.000,
0.000,
0.000,
9.000,
0.000,
12.000,
12.000,
0.000,
0.000,
0.000,
8.000,
0.000,
15.000,
0.000,
0.000,
16.000,
0.000,
0.000,
0.000,
0.000,
0.000,
0.000,
0.000,
0.000,
61.000,
0.000,
40.000,
20.000,
0.000,
1.000,
91.000,
20.000,
0.000,
3.000,
0.000,
0.000,
0.000,
0.000,
5.000,
82.000,
0.000,
12.000,
0.000,
0.000,
0.000,
0.000,
0.000,
87.000,
17.000,
0.000,
86.000,
0.000,
0.000,
0.000,
0.000,
10.000,
0.000,
0.000,
0.000,
0.000,
6.000,
0.000,
0.000,
6.000,
0.000,
34.000,
0.000,
7.000,
0.000,
0.000,
0.000,
0.000,
0.000,
5.000,
33.000,
71.000,
0.000,
0.000,
0.000,
0.000,
0.000,
0.000,
0.000,
0.000,
29.000,
0.000,
0.000,
0.000,
92.000,
15.000,
23.000,
74.000,
26.000,
31.000,
0.000,
0.000,
17.000,
4.000,
7.000,
14.000,
58.000,
0.000,
0.000,
0.000,
0.000,
33.000,
79.000,
0.000,
0.000,
0.000,
0.000,
0.000,
0.000,
0.000,
87.000,
10.000,
0.000,
0.000,
0.000,
0.000,
0.000,
0.000,
0.000,
0.000,
23.000,
23.000,
0.000,
0.000,
0.000,
4.000,
33.000,
38.000,
0.000,
13.000,
0.000,
0.000,
0.000,
49.000,
0.000,
32.000,
0.000,
18.000,
0.000,
0.000,
0.000,
0.000,
0.000,
15.000,
0.000,
0.000,
0.000,
0.000,
0.000,
0.000,
90.000,
0.000,
72.000,
103.000,
0.000,
0.000,
57.000,
0.000,
0.000,
82.000,
0.000,
0.000,
10.000,
0.000,
0.000,
58.000,
49.000,
0.000,
0.000,
84.000,
44.000,
24.000,
0.000,
0.000,
39.000,
0.000,
11.000,
1.000,
0.000,
0.000,
0.000,
36.000,
30.000,
32.000,
31.000,
77.000,
0.000,
4.000,
33.000,
0.000,
18.000,
40.000,
0.000,
54.000,
12.000,
47.000,
30.000,
53.000,
0.000,
0.000,
0.000,
0.000,
26.000,
4.000,
0.000,
10.000,
0.000,
0.000,
0.000,
6.000,
0.000,
32.000,
0.000,
61.000,
3.000,
17.000,
17.000,
0.000,
47.000,
69.000,
0.000,
77.000,
0.000,
0.000,
15.000,
46.000,
0.000,
80.000,
0.000,
12.000,
0.000,
57.000,
0.000,
0.000,
0.000,
0.000,
35.000,
16.000,
0.000,
0.000,
0.000,
54.000,
0.000,
13.000,
0.000,
19.000,
0.000,
0.000,
4.000,
60.000,
0.000,
0.000,
0.000,
0.000,
9.000,
17.000,
42.000,
7.000,
0.000,
0.000,
0.000,
0.000,
0.000,
83.000,
0.000,
40.000,
29.000,
52.000,
10.000,
0.000,
26.000,
0.000,
5.000,
16.000,
0.000,
0.000,
11.000,
0.000,
0.000,
15.000,
0.000,
0.000,
0.000,
0.000,
0.000,
4.000,
0.000,
58.000,
17.000,
39.000,
0.000,
0.000,
0.000,
38.000,
31.000,
0.000,
0.000,
0.000,
0.000,
0.000,
0.000,
5.000,
19.000,
0.000,
0.000,
0.000,
11.000,
0.000,
0.000,
21.000,
0.000,
0.000,
23.000,
8.000,
0.000,
3.000,
0.000,
0.000,
70.000,
0.000,
17.000,
21.000,
0.000,
0.000,
0.000,
19.000,
0.000,
0.000,
0.000,
0.000,
26.000,
34.000,
0.000,
0.000,
42.000,
0.000,
36.000,
0.000,
0.000,
0.000,
0.000,
40.000,
19.000,
45.000,
27.000,
12.000,
4.000,
0.000,
14.000,
0.000,
53.000,
39.000,
38.000,
5.000,
0.000,
0.000,
0.000,
51.000,
74.000,
0.000,
0.000,
0.000,
0.000,
0.000,
0.000,
23.000,
57.000,
0.000,
0.000,
0.000,
6.000,
0.000,
21.000,
0.000,
0.000,
0.000,
4.000,
5.000,
0.000,
15.000,
40.000,
0.000,
46.000,
10.000,
25.000,
3.000,
0.000,
21.000,
0.000,
60.000,
0.000,
28.000,
0.000,
0.000,
0.000,
79.000,
15.000,
0.000,
0.000,
14.000,
30.000,
29.000,
19.000,
0.000,
29.000,
51.000,
0.000,
42.000,
9.000,
8.000,
25.000,
0.000,
0.000,
10.000,
9.000,
10.000,
35.000,
3.000,
0.000,
29.000,
0.000,
59.000,
34.000,
0.000,
16.000,
0.000,
0.000,
30.000,
0.000,
61.000,
3.000,
0.000,
0.000,
0.000,
35.000,
6.000,
11.000,
0.000,
0.000,
0.000,
13.000,
0.000,
0.000,
24.000,
0.000,
25.000,
50.000,
28.000,
20.000,
0.000,
52.000,
0.000,
0.000,
0.000,
0.000,
9.000,
0.000,
0.000,
0.000,
93.000,
22.000,
0.000,
0.000,
22.000,
37.000,
31.000,
9.000,
0.000,
37.000,
48.000,
0.000,
36.000,
0.000,
0.000,
0.000,
0.000,
2.000,
29.000,
0.000,
15.000,
25.000,
14.000,
0.000,
28.000,
0.000,
36.000,
12.000,
0.000,
22.000,
0.000,
0.000,
13.000,
0.000,
55.000,
3.000,
0.000,
5.000,
0.000,
47.000,
13.000,
9.000,
0.000,
7.000,
0.000,
31.000,
0.000,
10.000,
14.000,
0.000,
26.000,
49.000,
15.000,
18.000,
0.000,
57.000,
0.000,
0.000,
0.000,
0.000,
0.000,
24.000,
0.000,
0.000,
76.000,
0.000,
0.000,
0.000,
0.000,
44.000,
34.000,
17.000,
0.000,
21.000,
24.000,
0.000,
26.000,
0.000,
0.000,
0.000,
0.000,
3.000,
35.000,
0.000,
12.000,
37.000,
24.000,
0.000,
19.000,
9.000,
22.000,
13.000,
0.000,
26.000,
0.000,
0.000,
0.000,
0.000,
25.000,
0.000,
0.000,
5.000,
0.000,
27.000,
11.000,
10.000,
13.000,
21.000,
0.000,
30.000,
0.000,
25.000,
35.000,
0.000,
8.000,
43.000,
0.000,
24.000,
10.000,
37.000,
0.000,
0.000,
0.000,
0.000,
0.000,
25.000,
2.000,
0.000,
55.000,
0.000,
0.000,
16.000,
0.000,
49.000,
17.000,
0.000,
0.000,
18.000,
23.000,
0.000,
17.000,
0.000,
0.000,
5.000,
6.000,
3.000,
0.000,
10.000,
15.000,
70.000,
47.000,
0.000,
20.000,
0.000,
56.000,
25.000,
0.000,
13.000,
0.000,
0.000,
0.000,
0.000,
10.000,
26.000,
0.000,
0.000,
0.000,
15.000,
13.000,
6.000,
31.000,
4.000,
0.000,
26.000,
2.000,
1.000,
29.000,
0.000,
0.000,
40.000,
6.000,
52.000,
11.000,
7.000,
0.000,
0.000,
0.000,
0.000,
0.000,
0.000,
34.000,
0.000,
44.000,
0.000,
0.000,
52.000,
10.000,
33.000,
12.000,
0.000,
0.000,
16.000,
16.000,
0.000,
26.000,
0.000,
0.000,
0.000,
0.000,
47.000,
0.000,
0.000,
51.000,
77.000,
49.000,
0.000,
17.000,
2.000,
56.000,
33.000,
0.000,
0.000,
0.000,
0.000,
0.000,
0.000,
0.000,
54.000,
0.000,
0.000,
0.000,
6.000,
0.000,
0.000,
23.000,
0.000,
0.000,
15.000,
14.000,
0.000,
0.000,
0.000,
0.000,
44.000,
0.000,
53.000,
0.000,
0.000,
0.000,
0.000,
27.000,
0.000,
0.000,
0.000,
75.000,
12.000,
36.000,
18.000,
0.000,
63.000,
27.000,
9.000,
10.000,
0.000,
0.000,
0.000,
14.000,
0.000,
25.000,
0.000,
0.000,
0.000,
0.000,
58.000,
14.000,
0.000,
61.000,
53.000,
25.000,
0.000,
0.000,
0.000,
37.000,
51.000,
0.000,
0.000,
0.000,
0.000,
0.000,
0.000,
0.000,
42.000,
0.000,
0.000,
0.000,
0.000,
0.000,
0.000,
42.000,
11.000,
0.000,
15.000,
29.000,
0.000,
8.000,
0.000,
3.000,
62.000,
0.000,
59.000,
21.000,
0.000,
0.000,
0.000,
38.000,
0.000,
0.000,
0.000,
51.000,
2.000,
0.000,
0.000,
0.000,
87.000,
7.000,
0.000,
0.000,
6.000,
0.000,
0.000,
0.000,
66.000,
0.000,
0.000,
39.000,
0.000,
0.000,
65.000,
21.000,
0.000,
83.000,
0.000,
0.000,
0.000,
0.000,
20.000,
35.000,
51.000,
0.000,
22.000,
26.000,
26.000,
1.000,
0.000,
0.000,
7.000,
0.000,
2.000,
7.000,
0.000,
0.000,
9.000,
85.000,
0.000,
0.000,
0.000,
53.000,
0.000,
13.000,
20.000,
1.000,
15.000,
0.000,
0.000,
45.000,
0.000,
45.000,
0.000,
54.000,
0.000,
0.000,
