# layer3.relu1 (shape [3, 5, 128]),
15.000,
7.000,
0.000,
0.000,
0.000,
13.000,
32.000,
0.000,
13.000,
1.000,
25.000,
0.000,
0.000,
0.000,
0.000,
0.000,
3.000,
24.000,
7.000,
0.000,
25.000,
36.000,
27.000,
2.000,
39.000,
10.000,
28.000,
0.000,
0.000,
0.000,
0.000,
38.000,
25.000,
0.000,
23.000,
0.000,
0.000,
20.000,
1.000,
17.000,
33.000,
8.000,
9.000,
0.000,
18.000,
0.000,
17.000,
10.000,
38.000,
7.000,
0.000,
24.000,
39.000,
5.000,
7.000,
0.000,
0.000,
21.000,
18.000,
28.000,
30.000,
4.000,
4.000,
0.000,
1.000,
0.000,
0.000,
7.000,
9.000,
13.000,
0.000,
0.000,
21.000,
6.000,
19.000,
0.000,
3.000,
7.000,
0.000,
26.000,
0.000,
31.000,
0.000,
14.000,
3.000,
14.000,
0.000,
0.000,
7.000,
27.000,
0.000,
0.000,
2.000,
0.000,
0.000,
28.000,
33.000,
23.000,
0.000,
0.000,
0.000,
0.000,
21.000,
6.000,
30.000,
20.000,
0.000,
0.000,
0.000,
45.000,
22.000,
5.000,
14.000,
3.000,
0.000,
0.000,
13.000,
5.000,
0.000,
0.000,
0.000,
18.000,
46.000,
0.000,
7.000,
12.000,
4.000,
0.000,
1.000,
0.000,
0.000,
0.000,
62.000,
15.000,
20.000,
0.000,
0.000,
0.000,
0.000,
0.000,
6.000,
0.000,
77.000,
0.000,
14.000,
39.000,
22.000,
0.000,
0.000,
14.000,
10.000,
0.000,
4.000,
0.000,
0.000,
0.000,
0.000,
121.000,
0.000,
0.000,
29.000,
0.000,
21.000,
0.000,
63.000,
26.000,
50.000,
0.000,
0.000,
0.000,
2.000,
0.000,
34.000,
0.000,
0.000,
0.000,
22.000,
0.000,
0.000,
0.000,
0.000,
20.000,
0.000,
47.000,
0.000,
11.000,
17.000,
0.000,
60.000,
0.000,
14.000,
62.000,
0.000,
0.000,
28.000,
0.000,
24.000,
0.000,
0.000,
0.000,
0.000,
22.000,
0.000,
0.000,
0.000,
80.000,
0.000,
8.000,
8.000,
0.000,
0.000,
9.000,
52.000,
26.000,
21.000,
0.000,
0.000,
0.000,
10.000,
0.000,
0.000,
0.000,
0.000,
24.000,
0.000,
0.000,
40.000,
0.000,
12.000,
0.000,
24.000,
38.000,
12.000,
2.000,
0.000,
0.000,
0.000,
0.000,
0.000,
0.000,
0.000,
13.000,
0.000,
0.000,
0.000,
16.000,
0.000,
5.000,
37.000,
0.000,
0.000,
58.000,
5.000,
0.000,
0.000,
61.000,
11.000,
0.000,
0.000,
0.000,
82.000,
8.000,
1.000,
0.000,
0.000,
9.000,
0.000,
0.000,
0.000,
0.000,
91.000,
0.000,
0.000,
65.000,
0.000,
0.000,
0.000,
37.000,
14.000,
13.000,
0.000,
0.000,
0.000,
29.000,
0.000,
113.000,
0.000,
27.000,
44.000,
17.000,
33.000,
0.000,
84.000,
23.000,
38.000,
0.000,
0.000,
0.000,
0.000,
0.000,
2.000,
0.000,
0.000,
0.000,
43.000,
0.000,
4.000,
0.000,
19.000,
37.000,
0.000,
37.000,
16.000,
49.000,
10.000,
0.000,
71.000,
0.000,
5.000,
76.000,
14.000,
0.000,
23.000,
20.000,
0.000,
0.000,
0.000,
0.000,
6.000,
36.000,
0.000,
0.000,
0.000,
88.000,
0.000,
13.000,
20.000,
23.000,
0.000,
27.000,
76.000,
26.000,
0.000,
0.000,
0.000,
0.000,
1.000,
0.000,
0.000,
0.000,
0.000,
32.000,
0.000,
31.000,
41.000,
22.000,
0.000,
18.000,
56.000,
66.000,
8.000,
12.000,
0.000,
0.000,
0.000,
3.000,
0.000,
0.000,
0.000,
0.000,
0.000,
13.000,
0.000,
16.000,
0.000,
0.000,
0.000,
0.000,
0.000,
0.000,
58.000,
0.000,
0.000,
63.000,
12.000,
0.000,
0.000,
0.000,
67.000,
17.000,
0.000,
0.000,
6.000,
12.000,
0.000,
0.000,
0.000,
0.000,
70.000,
0.000,
0.000,
45.000,
0.000,
0.000,
0.000,
11.000,
10.000,
0.000,
0.000,
2.000,
0.000,
8.000,
0.000,
90.000,
0.000,
0.000,
16.000,
2.000,
20.000,
0.000,
58.000,
0.000,
60.000,
0.000,
0.000,
5.000,
0.000,
0.000,
3.000,
0.000,
0.000,
0.000,
4.000,
0.000,
0.000,
0.000,
6.000,
37.000,
28.000,
32.000,
0.000,
7.000,
20.000,
0.000,
47.000,
10.000,
33.000,
64.000,
0.000,
0.000,
0.000,
38.000,
7.000,
0.000,
0.000,
0.000,
0.000,
0.000,
27.000,
0.000,
0.000,
65.000,
0.000,
16.000,
2.000,
18.000,
0.000,
0.000,
64.000,
0.000,
0.000,
0.000,
0.000,
0.000,
0.000,
0.000,
0.000,
0.000,
0.000,
12.000,
0.000,
2.000,
30.000,
0.000,
0.000,
0.000,
61.000,
55.000,
0.000,
0.000,
0.000,
0.000,
0.000,
0.000,
0.000,
13.000,
0.000,
0.000,
0.000,
0.000,
0.000,
0.000,
0.000,
0.000,
11.000,
0.000,
46.000,
0.000,
49.000,
0.000,
0.000,
56.000,
0.000,
9.000,
0.000,
0.000,
0.000,
4.000,
19.000,
0.000,
1.000,
0.000,
0.000,
5.000,
0.000,
0.000,
0.000,
0.000,
27.000,
1.000,
34.000,
22.000,
7.000,
55.000,
4.000,
0.000,
0.000,
18.000,
0.000,
7.000,
22.000,
0.000,
0.000,
11.000,
0.000,
0.000,
0.000,
0.000,
21.000,
0.000,
41.000,
0.000,
0.000,
41.000,
0.000,
0.000,
0.000,
0.000,
0.000,
0.000,
0.000,
0.000,
0.000,
43.000,
12.000,
34.000,
0.000,
0.000,
0.000,
0.000,
45.000,
31.000,
0.000,
0.000,
12.000,
0.000,
0.000,
26.000,
0.000,
20.000,
0.000,
16.000,
0.000,
0.000,
0.000,
0.000,
49.000,
0.000,
0.000,
0.000,
0.000,
2.000,
0.000,
19.000,
0.000,
0.000,
23.000,
0.000,
0.000,
0.000,
37.000,
29.000,
0.000,
0.000,
0.000,
3.000,
0.000,
22.000,
0.000,
4.000,
0.000,
0.000,
0.000,
0.000,
29.000,
2.000,
0.000,
0.000,
0.000,
38.000,
54.000,
0.000,
7.000,
0.000,
0.000,
0.000,
0.000,
0.000,
0.000,
0.000,
0.000,
46.000,
24.000,
0.000,
24.000,
32.000,
7.000,
0.000,
0.000,
0.000,
8.000,
0.000,
34.000,
10.000,
0.000,
0.000,
20.000,
31.000,
0.000,
0.000,
40.000,
2.000,
0.000,
0.000,
0.000,
34.000,
9.000,
0.000,
4.000,
0.000,
0.000,
28.000,
0.000,
17.000,
31.000,
0.000,
10.000,
0.000,
0.000,
10.000,
0.000,
9.000,
0.000,
11.000,
0.000,
0.000,
23.000,
0.000,
6.000,
18.000,
7.000,
0.000,
0.000,
8.000,
0.000,
28.000,
19.000,
11.000,
14.000,
0.000,
31.000,
8.000,
0.000,
0.000,
0.000,
13.000,
0.000,
0.000,
0.000,
0.000,
0.000,
0.000,
0.000,
0.000,
0.000,
0.000,
0.000,
15.000,
0.000,
0.000,
34.000,
0.000,
0.000,
0.000,
0.000,
1.000,
36.000,
0.000,
2.000,
0.000,
0.000,
38.000,
12.000,
0.000,
0.000,
0.000,
28.000,
0.000,
0.000,
0.000,
0.000,
0.000,
0.000,
33.000,
12.000,
0.000,
0.000,
0.000,
0.000,
1.000,
0.000,
0.000,
23.000,
0.000,
0.000,
0.000,
0.000,
20.000,
33.000,
0.000,
0.000,
0.000,
15.000,
10.000,
3.000,
0.000,
0.000,
0.000,
29.000,
0.000,
0.000,
0.000,
19.000,
0.000,
0.000,
20.000,
0.000,
20.000,
0.000,
0.000,
0.000,
38.000,
0.000,
9.000,
0.000,
29.000,
0.000,
0.000,
36.000,
0.000,
0.000,
0.000,
0.000,
0.000,
0.000,
0.000,
0.000,
32.000,
0.000,
5.000,
0.000,
0.000,
0.000,
60.000,
0.000,
0.000,
9.000,
0.000,
0.000,
0.000,
0.000,
0.000,
0.000,
0.000,
0.000,
0.000,
25.000,
0.000,
0.000,
0.000,
0.000,
67.000,
0.000,
0.000,
0.000,
13.000,
0.000,
0.000,
0.000,
0.000,
0.000,
0.000,
0.000,
51.000,
80.000,
0.000,
0.000,
0.000,
0.000,
0.000,
0.000,
0.000,
0.000,
42.000,
18.000,
0.000,
0.000,
0.000,
5.000,
18.000,
0.000,
0.000,
34.000,
0.000,
0.000,
0.000,
37.000,
13.000,
0.000,
0.000,
0.000,
0.000,
0.000,
6.000,
0.000,
24.000,
0.000,
0.000,
0.000,
26.000,
53.000,
14.000,
0.000,
0.000,
0.000,
0.000,
0.000,
39.000,
0.000,
0.000,
0.000,
0.000,
0.000,
26.000,
0.000,
0.000,
8.000,
0.000,
0.000,
0.000,
0.000,
0.000,
40.000,
39.000,
22.000,
0.000,
0.000,
0.000,
0.000,
0.000,
0.000,
0.000,
0.000,
0.000,
0.000,
2.000,
95.000,
0.000,
0.000,
21.000,
0.000,
23.000,
0.000,
0.000,
0.000,
4.000,
0.000,
0.000,
12.000,
0.000,
0.000,
0.000,
22.000,
0.000,
0.000,
0.000,
9.000,
0.000,
82.000,
0.000,
0.000,
50.000,
0.000,
0.000,
38.000,
0.000,
0.000,
0.000,
0.000,
26.000,
0.000,
29.000,
0.000,
8.000,
0.000,
0.000,
0.000,
0.000,
0.000,
45.000,
0.000,
0.000,
0.000,
0.000,
0.000,
55.000,
3.000,
0.000,
0.000,
0.000,
0.000,
0.000,
111.000,
41.000,
0.000,
0.000,
0.000,
0.000,
0.000,
0.000,
0.000,
0.000,
68.000,
0.000,
0.000,
0.000,
0.000,
38.000,
41.000,
0.000,
55.000,
51.000,
0.000,
0.000,
0.000,
0.000,
0.000,
0.000,
0.000,
16.000,
0.000,
0.000,
0.000,
0.000,
0.000,
0.000,
0.000,
0.000,
4.000,
4.000,
0.000,
0.000,
0.000,
24.000,
0.000,
2.000,
0.000,
81.000,
0.000,
0.000,
0.000,
0.000,
87.000,
0.000,
0.000,
0.000,
39.000,
23.000,
0.000,
0.000,
27.000,
29.000,
21.000,
0.000,
0.000,
0.000,
0.000,
53.000,
0.000,
0.000,
0.000,
56.000,
0.000,
0.000,
53.000,
11.000,
0.000,
0.000,
0.000,
0.000,
0.000,
0.000,
0.000,
0.000,
0.000,
0.000,
0.000,
0.000,
0.000,
0.000,
31.000,
0.000,
0.000,
0.000,
41.000,
0.000,
57.000,
0.000,
0.000,
29.000,
0.000,
0.000,
0.000,
0.000,
16.000,
0.000,
0.000,
79.000,
0.000,
4.000,
0.000,
31.000,
0.000,
0.000,
0.000,
0.000,
0.000,
47.000,
0.000,
0.000,
0.000,
11.000,
0.000,
0.000,
0.000,
22.000,
0.000,
0.000,
10.000,
0.000,
57.000,
47.000,
4.000,
0.000,
0.000,
0.000,
0.000,
0.000,
0.000,
0.000,
55.000,
0.000,
0.000,
0.000,
0.000,
0.000,
20.000,
0.000,
0.000,
1.000,
0.000,
0.000,
0.000,
20.000,
0.000,
13.000,
0.000,
0.000,
0.000,
0.000,
41.000,
0.000,
0.000,
59.000,
0.000,
0.000,
0.000,
15.000,
0.000,
0.000,
0.000,
0.000,
0.000,
0.000,
46.000,
30.000,
0.000,
0.000,
0.000,
0.000,
42.000,
0.000,
0.000,
33.000,
0.000,
30.000,
0.000,
0.000,
0.000,
0.000,
0.000,
0.000,
0.000,
0.000,
0.000,
79.000,
0.000,
0.000,
0.000,
0.000,
0.000,
39.000,
0.000,
0.000,
6.000,
0.000,
0.000,
0.000,
0.000,
0.000,
0.000,
0.000,
0.000,
26.000,
0.000,
0.000,
0.000,
13.000,
0.000,
0.000,
0.000,
0.000,
7.000,
0.000,
0.000,
0.000,
0.000,
15.000,
0.000,
0.000,
0.000,
0.000,
0.000,
0.000,
0.000,
4.000,
0.000,
0.000,
0.000,
0.000,
0.000,
0.000,
0.000,
35.000,
0.000,
0.000,
0.000,
0.000,
0.000,
0.000,
0.000,
0.000,
0.000,
0.000,
0.000,
0.000,
0.000,
0.000,
0.000,
0.000,
0.000,
0.000,
0.000,
0.000,
0.000,
0.000,
1.000,
2.000,
0.000,
0.000,
0.000,
0.000,
38.000,
0.000,
0.000,
0.000,
0.000,
0.000,
0.000,
0.000,
8.000,
27.000,
0.000,
0.000,
0.000,
0.000,
0.000,
0.000,
0.000,
38.000,
2.000,
0.000,
0.000,
36.000,
0.000,
7.000,
0.000,
0.000,
0.000,
0.000,
20.000,
0.000,
0.000,
0.000,
3.000,
0.000,
34.000,
0.000,
0.000,
0.000,
31.000,
0.000,
0.000,
0.000,
0.000,
0.000,
27.000,
9.000,
0.000,
0.000,
0.000,
0.000,
0.000,
0.000,
0.000,
24.000,
16.000,
0.000,
0.000,
6.000,
38.000,
16.000,
0.000,
0.000,
0.000,
0.000,
15.000,
36.000,
3.000,
20.000,
0.000,
19.000,
0.000,
25.000,
0.000,
25.000,
0.000,
0.000,
0.000,
0.000,
0.000,
0.000,
0.000,
0.000,
0.000,
12.000,
30.000,
0.000,
0.000,
0.000,
43.000,
54.000,
0.000,
14.000,
0.000,
44.000,
0.000,
7.000,
0.000,
5.000,
0.000,
0.000,
0.000,
0.000,
0.000,
4.000,
0.000,
0.000,
0.000,
5.000,
0.000,
31.000,
8.000,
0.000,
47.000,
0.000,
0.000,
14.000,
0.000,
21.000,
0.000,
0.000,
0.000,
0.000,
27.000,
0.000,
0.000,
9.000,
12.000,
0.000,
16.000,
0.000,
7.000,
35.000,
0.000,
0.000,
57.000,
0.000,
23.000,
0.000,
0.000,
0.000,
28.000,
0.000,
0.000,
0.000,
0.000,
14.000,
0.000,
28.000,
0.000,
0.000,
0.000,
0.000,
31.000,
0.000,
24.000,
2.000,
0.000,
0.000,
5.000,
18.000,
0.000,
2.000,
0.000,
4.000,
0.000,
0.000,
11.000,
13.000,
0.000,
0.000,
50.000,
33.000,
0.000,
0.000,
0.000,
17.000,
0.000,
0.000,
0.000,
34.000,
0.000,
0.000,
16.000,
23.000,
13.000,
0.000,
0.000,
0.000,
0.000,
0.000,
0.000,
5.000,
0.000,
0.000,
0.000,
0.000,
0.000,
16.000,
0.000,
0.000,
0.000,
0.000,
0.000,
6.000,
62.000,
27.000,
0.000,
0.000,
40.000,
0.000,
0.000,
0.000,
0.000,
0.000,
36.000,
0.000,
38.000,
2.000,
0.000,
3.000,
37.000,
0.000,
0.000,
8.000,
0.000,
0.000,
0.000,
1.000,
0.000,
26.000,
0.000,
0.000,
0.000,
33.000,
0.000,
0.000,
0.000,
0.000,
0.000,
0.000,
0.000,
0.000,
24.000,
0.000,
0.000,
0.000,
0.000,
0.000,
3.000,
0.000,
0.000,
4.000,
0.000,
53.000,
27.000,
0.000,
11.000,
0.000,
0.000,
0.000,
13.000,
0.000,
0.000,
0.000,
8.000,
0.000,
0.000,
0.000,
0.000,
38.000,
0.000,
0.000,
0.000,
9.000,
0.000,
0.000,
0.000,
0.000,
0.000,
0.000,
0.000,
5.000,
0.000,
0.000,
42.000,
0.000,
49.000,
0.000,
0.000,
5.000,
0.000,
36.000,
29.000,
0.000,
0.000,
0.000,
0.000,
0.000,
0.000,
9.000,
6.000,
0.000,
48.000,
0.000,
0.000,
0.000,
10.000,
16.000,
0.000,
69.000,
7.000,
0.000,
0.000,
0.000,
39.000,
0.000,
73.000,
55.000,
0.000,
104.000,
4.000,
0.000,
0.000,
9.000,
17.000,
0.000,
87.000,
17.000,
0.000,
0.000,
29.000,
0.000,
5.000,
41.000,
24.000,
0.000,
25.000,
46.000,
13.000,
0.000,
0.000,
18.000,
0.000,
0.000,
0.000,
0.000,
0.000,
0.000,
0.000,
0.000,
0.000,
45.000,
0.000,
68.000,
54.000,
0.000,
155.000,
27.000,
0.000,
0.000,
0.000,
0.000,
0.000,
25.000,
35.000,
0.000,
0.000,
70.000,
0.000,
0.000,
0.000,
0.000,
0.000,
0.000,
0.000,
29.000,
0.000,
0.000,
0.000,
0.000,
9.000,
0.000,
0.000,
48.000,
29.000,
26.000,
0.000,
38.000,
20.000,
17.000,
0.000,
0.000,
0.000,
0.000,
118.000,
0.000,
0.000,
83.000,
0.000,
0.000,
0.000,
0.000,
0.000,
0.000,
0.000,
56.000,
0.000,
0.000,
0.000,
0.000,
0.000,
9.000,
0.000,
0.000,
8.000,
16.000,
0.000,
0.000,
45.000,
71.000,
93.000,
0.000,
0.000,
0.000,
9.000,
0.000,
0.000,
0.000,
0.000,
54.000,
15.000,
10.000,
0.000,
0.000,
0.000,
17.000,
16.000,
0.000,
0.000,
17.000,
0.000,
0.000,
69.000,
70.000,
15.000,
0.000,
0.000,
0.000,
0.000,
0.000,
73.000,
49.000,
16.000,
0.000,
0.000,
0.000,
0.000,
5.000,
0.000,
0.000,
0.000,
0.000,
0.000,
0.000,
0.000,
0.000,
0.000,
0.000,
0.000,
34.000,
0.000,
0.000,
34.000,
0.000,
0.000,
0.000,
0.000,
0.000,
0.000,
0.000,
0.000,
16.000,
0.000,
0.000,
49.000,
3.000,
0.000,
0.000,
13.000,
0.000,
10.000,
88.000,
0.000,
29.000,
0.000,
41.000,
13.000,
0.000,
0.000,
0.000,
0.000,
0.000,
0.000,
96.000,
49.000,
0.000,
36.000,
0.000,
7.000,
0.000,
0.000,
0.000,
0.000,
0.000,
54.000,
47.000,
5.000,
28.000,
0.000,
0.000,
12.000,
0.000,
3.000,
0.000,
0.000,
0.000,
0.000,
0.000,
21.000,
0.000,
0.000,
5.000,
36.000,
53.000,
35.000,
0.000,
57.000,
0.000,
23.000,
17.000,
0.000,
0.000,
42.000,
43.000,
0.000,
0.000,
0.000,
0.000,
24.000,
8.000,
13.000,
0.000,
0.000,
23.000,
20.000,
0.000,
0.000,
6.000,
0.000,
26.000,
6.000,
29.000,
0.000,
47.000,
0.000,
0.000,
0.000,
0.000,
38.000,
0.000,
0.000,
0.000,
0.000,
0.000,
0.000,
0.000,
6.000,
0.000,
0.000,
0.000,
40.000,
25.000,
0.000,
0.000,
0.000,
16.000,
0.000,
0.000,
0.000,
66.000,
0.000,
0.000,
0.000,
0.000,
0.000,
0.000,
26.000,
0.000,
39.000,
0.000,
25.000,
7.000,
0.000,
5.000,
0.000,
11.000,
0.000,
23.000,
0.000,
0.000,
0.000,
0.000,
0.000,
0.000,
0.000,
25.000,
12.000,
0.000,
0.000,
1.000,
0.000,
0.000,
0.000,
0.000,
1.000,
0.000,
47.000,
0.000,
28.000,
22.000,
0.000,
1.000,
0.000,
0.000,
0.000,
45.000,
0.000,
24.000,
16.000,
0.000,
0.000,
0.000,
0.000,
0.000,
0.000,
0.000,
19.000,
0.000,
0.000,
0.000,
0.000,
0.000,
25.000,
0.000,
0.000,
0.000,
18.000,
45.000,
0.000,
0.000,
0.000,
1.000,
0.000,
31.000,
0.000,
26.000,
0.000,
0.000,
0.000,
0.000,
0.000,
0.000,
0.000,
0.000,
0.000,
0.000,
0.000,
35.000,
0.000,
0.000,
0.000,
58.000,
21.000,
52.000,
31.000,
0.000,
0.000,
0.000,
0.000,
32.000,
53.000,
0.000,
0.000,
79.000,
33.000,
1.000,
0.000,
0.000,
