25.000,
3.000,
42.000,
18.000,
0.000,
0.000,
6.000,
20.000,
0.000,
0.000,
0.000,
24.000,
0.000,
7.000,
0.000,
28.000,
0.000,
8.000,
0.000,
27.000,
0.000,
7.000,
0.000,
11.000,
0.000,
6.000,
0.000,
0.000,
0.000,
3.000,
0.000,
0.000,
0.000,
2.000,
0.000,
0.000,
0.000,
2.000,
0.000,
0.000,
0.000,
1.000,
0.000,
0.000,
0.000,
1.000,
0.000,
0.000,
0.000,
0.000,
0.000,
0.000,
0.000,
0.000,
0.000,
0.000,
0.000,
1.000,
0.000,
0.000,
0.000,
10.000,
0.000,
5.000,
4.000,
9.000,
3.000,
12.000,
0.000,
0.000,
13.000,
10.000,
0.000,
0.000,
11.000,
8.000,
0.000,
2.000,
22.000,
23.000,
16.000,
1.000,
41.000,
6.000,
0.000,
0.000,
0.000,
0.000,
0.000,
4.000,
0.000,
0.000,
0.000,
11.000,
0.000,
0.000,
0.000,
15.000,
0.000,
0.000,
2.000,
14.000,
0.000,
0.000,
9.000,
14.000,
0.000,
0.000,
10.000,
14.000,
0.000,
0.000,
9.000,
13.000,
0.000,
0.000,
8.000,
13.000,
0.000,
0.000,
8.000,
12.000,
0.000,
0.000,
8.000,
10.000,
0.000,
0.000,
12.000,
7.000,
0.000,
0.000,
5.000,
12.000,
0.000,
0.000,
4.000,
15.000,
0.000,
0.000,
16.000,
46.000,
0.000,
0.000,
23.000,
27.000,
0.000,
0.000,
0.000,
0.000,
0.000,
0.000,
0.000,
0.000,
0.000,
0.000,
0.000,
1.000,
0.000,
0.000,
31.000,
19.000,
39.000,
3.000,
0.000,
17.000,
0.000,
0.000,
0.000,
22.000,
0.000,
0.000,
0.000,
27.000,
0.000,
0.000,
0.000,
28.000,
0.000,
0.000,
6.000,
23.000,
0.000,
0.000,
10.000,
19.000,
0.000,
0.000,
12.000,
18.000,
0.000,
0.000,
13.000,
17.000,
0.000,
0.000,
18.000,
18.000,
0.000,
0.000,
18.000,
20.000,
0.000,
0.000,
16.000,
18.000,
0.000,
0.000,
15.000,
14.000,
0.000,
0.000,
3.000,
19.000,
0.000,
0.000,
8.000,
20.000,
0.000,
0.000,
12.000,
55.000,
0.000,
6.000,
14.000,
33.000,
0.000,
0.000,
0.000,
0.000,
0.000,
0.000,
0.000,
0.000,
0.000,
0.000,
0.000,
5.000,
0.000,
0.000,
27.000,
20.000,
45.000,
11.000,
0.000,
11.000,
8.000,
0.000,
0.000,
21.000,
0.000,
0.000,
20.000,
40.000,
0.000,
0.000,
36.000,
49.000,
0.000,
0.000,
41.000,
36.000,
0.000,
0.000,
43.000,
27.000,
0.000,
0.000,
40.000,
22.000,
0.000,
0.000,
43.000,
19.000,
0.000,
0.000,
49.000,
18.000,
0.000,
0.000,
47.000,
19.000,
0.000,
0.000,
43.000,
18.000,
0.000,
0.000,
38.000,
10.000,
0.000,
0.000,
30.000,
10.000,
0.000,
0.000,
39.000,
0.000,
0.000,
0.000,
45.000,
28.000,
0.000,
0.000,
36.000,
27.000,
0.000,
0.000,
0.000,
0.000,
0.000,
0.000,
0.000,
0.000,
0.000,
0.000,
0.000,
0.000,
0.000,
0.000,
9.000,
15.000,
13.000,
0.000,
0.000,
0.000,
0.000,
0.000,
0.000,
0.000,
1.000,
0.000,
14.000,
55.000,
0.000,
5.000,
45.000,
75.000,
0.000,
0.000,
70.000,
53.000,
0.000,
0.000,
60.000,
36.000,
0.000,
0.000,
50.000,
34.000,
0.000,
0.000,
61.000,
35.000,
0.000,
0.000,
69.000,
32.000,
0.000,
0.000,
67.000,
33.000,
0.000,
0.000,
63.000,
34.000,
0.000,
0.000,
55.000,
26.000,
0.000,
0.000,
47.000,
19.000,
0.000,
0.000,
48.000,
4.000,
0.000,
0.000,
45.000,
18.000,
0.000,
0.000,
55.000,
30.000,
0.000,
0.000,
15.000,
0.000,
0.000,
0.000,
0.000,
0.000,
0.000,
0.000,
0.000,
0.000,
0.000,
0.000,
62.000,
26.000,
9.000,
0.000,
25.000,
16.000,
0.000,
0.000,
27.000,
40.000,
0.000,
0.000,
34.000,
121.000,
0.000,
14.000,
66.000,
150.000,
0.000,
0.000,
102.000,
125.000,
0.000,
0.000,
98.000,
90.000,
0.000,
0.000,
97.000,
75.000,
0.000,
0.000,
100.000,
64.000,
0.000,
0.000,
95.000,
65.000,
0.000,
0.000,
96.000,
69.000,
0.000,
0.000,
92.000,
75.000,
0.000,
0.000,
76.000,
60.000,
0.000,
0.000,
64.000,
57.000,
0.000,
0.000,
61.000,
49.000,
0.000,
0.000,
53.000,
59.000,
0.000,
0.000,
71.000,
39.000,
0.000,
0.000,
56.000,
4.000,
0.000,
0.000,
0.000,
0.000,
0.000,
0.000,
0.000,
0.000,
0.000,
0.000,
87.000,
4.000,
79.000,
0.000,
55.000,
34.000,
0.000,
0.000,
52.000,
100.000,
0.000,
0.000,
70.000,
195.000,
0.000,
23.000,
106.000,
241.000,
0.000,
0.000,
143.000,
209.000,
0.000,
0.000,
127.000,
123.000,
0.000,
0.000,
107.000,
85.000,
0.000,
0.000,
92.000,
72.000,
0.000,
0.000,
85.000,
69.000,
0.000,
0.000,
85.000,
73.000,
0.000,
0.000,
83.000,
85.000,
0.000,
0.000,
72.000,
82.000,
0.000,
0.000,
69.000,
87.000,
0.000,
0.000,
89.000,
85.000,
0.000,
0.000,
79.000,
64.000,
0.000,
0.000,
82.000,
17.000,
22.000,
0.000,
55.000,
0.000,
32.000,
0.000,
5.000,
0.000,
0.000,
0.000,
0.000,
0.000,
0.000,
0.000,
75.000,
0.000,
79.000,
0.000,
28.000,
10.000,
0.000,
0.000,
21.000,
60.000,
0.000,
0.000,
42.000,
180.000,
0.000,
25.000,
98.000,
251.000,
0.000,
5.000,
136.000,
201.000,
0.000,
0.000,
99.000,
106.000,
0.000,
0.000,
74.000,
71.000,
0.000,
0.000,
72.000,
58.000,
0.000,
0.000,
80.000,
58.000,
0.000,
0.000,
89.000,
70.000,
0.000,
0.000,
94.000,
89.000,
0.000,
0.000,
82.000,
90.000,
0.000,
0.000,
89.000,
92.000,
0.000,
0.000,
120.000,
89.000,
0.000,
0.000,
92.000,
62.000,
0.000,
0.000,
64.000,
7.000,
19.000,
0.000,
36.000,
0.000,
32.000,
0.000,
0.000,
0.000,
0.000,
0.000,
0.000,
0.000,
19.000,
9.000,
23.000,
10.000,
23.000,
0.000,
0.000,
4.000,
0.000,
0.000,
0.000,
11.000,
0.000,
0.000,
14.000,
91.000,
0.000,
0.000,
45.000,
161.000,
0.000,
10.000,
84.000,
138.000,
0.000,
0.000,
39.000,
38.000,
0.000,
0.000,
33.000,
17.000,
0.000,
0.000,
31.000,
17.000,
0.000,
0.000,
22.000,
21.000,
0.000,
0.000,
16.000,
32.000,
0.000,
0.000,
18.000,
42.000,
0.000,
0.000,
14.000,
47.000,
0.000,
0.000,
25.000,
42.000,
0.000,
0.000,
25.000,
38.000,
0.000,
0.000,
11.000,
9.000,
15.000,
0.000,
40.000,
0.000,
28.000,
0.000,
35.000,
0.000,
14.000,
0.000,
0.000,
0.000,
0.000,
0.000,
0.000,
0.000,
0.000,
0.000,
0.000,
3.000,
0.000,
5.000,
0.000,
0.000,
0.000,
0.000,
0.000,
0.000,
0.000,
0.000,
0.000,
37.000,
0.000,
16.000,
10.000,
95.000,
32.000,
69.000,
30.000,
38.000,
72.000,
18.000,
0.000,
0.000,
61.000,
2.000,
16.000,
0.000,
33.000,
0.000,
32.000,
2.000,
0.000,
0.000,
31.000,
15.000,
0.000,
0.000,
28.000,
27.000,
0.000,
0.000,
47.000,
42.000,
0.000,
0.000,
40.000,
36.000,
0.000,
0.000,
26.000,
29.000,
0.000,
0.000,
6.000,
11.000,
12.000,
30.000,
0.000,
0.000,
23.000,
1.000,
23.000,
0.000,
30.000,
0.000,
30.000,
0.000,
26.000,
0.000,
0.000,
0.000,
0.000,
0.000,
0.000,
1.000,
0.000,
0.000,
5.000,
0.000,
21.000,
0.000,
0.000,
0.000,
0.000,
0.000,
0.000,
0.000,
0.000,
0.000,
0.000,
51.000,
20.000,
112.000,
0.000,
73.000,
105.000,
182.000,
0.000,
9.000,
128.000,
120.000,
0.000,
0.000,
88.000,
48.000,
15.000,
0.000,
52.000,
3.000,
43.000,
0.000,
34.000,
0.000,
31.000,
0.000,
12.000,
0.000,
23.000,
11.000,
0.000,
0.000,
30.000,
26.000,
0.000,
4.000,
25.000,
22.000,
4.000,
16.000,
19.000,
12.000,
38.000,
45.000,
0.000,
8.000,
36.000,
72.000,
0.000,
0.000,
19.000,
23.000,
0.000,
0.000,
19.000,
0.000,
0.000,
0.000,
24.000,
0.000,
0.000,
0.000,
4.000,
0.000,
0.000,
0.000,
10.000,
6.000,
53.000,
0.000,
103.000,
0.000,
0.000,
0.000,
0.000,
0.000,
0.000,
1.000,
0.000,
5.000,
0.000,
59.000,
35.000,
146.000,
0.000,
54.000,
104.000,
181.000,
0.000,
2.000,
105.000,
103.000,
0.000,
0.000,
55.000,
49.000,
0.000,
0.000,
32.000,
15.000,
25.000,
0.000,
21.000,
0.000,
15.000,
0.000,
11.000,
0.000,
0.000,
0.000,
11.000,
0.000,
0.000,
0.000,
9.000,
12.000,
0.000,
0.000,
16.000,
23.000,
0.000,
0.000,
39.000,
35.000,
0.000,
0.000,
31.000,
43.000,
0.000,
0.000,
11.000,
9.000,
0.000,
0.000,
20.000,
0.000,
0.000,
0.000,
19.000,
0.000,
0.000,
0.000,
0.000,
0.000,
0.000,
0.000,
12.000,
7.000,
61.000,
0.000,
106.000,
0.000,
17.000,
0.000,
0.000,
0.000,
0.000,
1.000,
0.000,
0.000,
0.000,
49.000,
51.000,
133.000,
0.000,
50.000,
100.000,
157.000,
0.000,
6.000,
109.000,
98.000,
0.000,
0.000,
63.000,
40.000,
0.000,
0.000,
21.000,
15.000,
27.000,
1.000,
17.000,
0.000,
24.000,
0.000,
14.000,
0.000,
1.000,
0.000,
3.000,
0.000,
0.000,
0.000,
0.000,
5.000,
0.000,
0.000,
7.000,
18.000,
0.000,
0.000,
13.000,
18.000,
0.000,
0.000,
2.000,
11.000,
0.000,
0.000,
11.000,
0.000,
0.000,
0.000,
32.000,
0.000,
0.000,
0.000,
13.000,
0.000,
0.000,
0.000,
0.000,
0.000,
0.000,
0.000,
11.000,
0.000,
40.000,
3.000,
77.000,
0.000,
0.000,
0.000,
0.000,
0.000,
0.000,
0.000,
0.000,
0.000,
0.000,
11.000,
21.000,
49.000,
0.000,
15.000,
48.000,
59.000,
0.000,
0.000,
58.000,
14.000,
0.000,
0.000,
42.000,
0.000,
0.000,
2.000,
26.000,
0.000,
27.000,
3.000,
25.000,
0.000,
27.000,
0.000,
35.000,
0.000,
14.000,
0.000,
18.000,
0.000,
14.000,
12.000,
0.000,
0.000,
22.000,
18.000,
0.000,
0.000,
16.000,
10.000,
0.000,
7.000,
5.000,
2.000,
0.000,
7.000,
5.000,
0.000,
13.000,
2.000,
0.000,
0.000,
39.000,
0.000,
0.000,
0.000,
22.000,
0.000,
0.000,
0.000,
0.000,
0.000,
0.000,
0.000,
18.000,
0.000,
16.000,
4.000,
67.000,
0.000,
0.000,
0.000,
15.000,
0.000,
0.000,
0.000,
0.000,
0.000,
0.000,
7.000,
0.000,
8.000,
0.000,
18.000,
5.000,
5.000,
0.000,
7.000,
20.000,
0.000,
0.000,
7.000,
5.000,
0.000,
0.000,
15.000,
0.000,
0.000,
19.000,
9.000,
10.000,
0.000,
0.000,
0.000,
32.000,
0.000,
0.000,
0.000,
24.000,
0.000,
1.000,
11.000,
6.000,
10.000,
14.000,
22.000,
0.000,
5.000,
6.000,
7.000,
1.000,
16.000,
0.000,
3.000,
5.000,
35.000,
0.000,
11.000,
15.000,
50.000,
0.000,
0.000,
39.000,
0.000,
0.000,
0.000,
18.000,
0.000,
0.000,
0.000,
0.000,
0.000,
0.000,
0.000,
23.000,
0.000,
0.000,
5.000,
26.000,
1.000,
0.000,
0.000,
0.000,
0.000,
0.000,
0.000,
0.000,
0.000,
0.000,
4.000,
0.000,
0.000,
0.000,
31.000,
0.000,
0.000,
1.000,
20.000,
0.000,
0.000,
9.000,
12.000,
0.000,
0.000,
34.000,
27.000,
0.000,
0.000,
71.000,
44.000,
0.000,
0.000,
60.000,
34.000,
0.000,
0.000,
48.000,
21.000,
6.000,
0.000,
41.000,
10.000,
21.000,
0.000,
28.000,
12.000,
17.000,
11.000,
13.000,
1.000,
17.000,
23.000,
4.000,
0.000,
25.000,
39.000,
0.000,
8.000,
28.000,
70.000,
0.000,
0.000,
42.000,
13.000,
0.000,
0.000,
8.000,
0.000,
0.000,
0.000,
0.000,
0.000,
0.000,
0.000,
16.000,
0.000,
0.000,
9.000,
7.000,
0.000,
0.000,
0.000,
0.000,
0.000,
0.000,
0.000,
0.000,
0.000,
0.000,
13.000,
0.000,
0.000,
0.000,
53.000,
0.000,
0.000,
31.000,
45.000,
0.000,
0.000,
41.000,
13.000,
0.000,
0.000,
41.000,
10.000,
0.000,
0.000,
54.000,
34.000,
0.000,
0.000,
45.000,
21.000,
0.000,
0.000,
38.000,
0.000,
0.000,
0.000,
30.000,
0.000,
8.000,
0.000,
23.000,
9.000,
2.000,
0.000,
14.000,
0.000,
1.000,
4.000,
10.000,
0.000,
18.000,
30.000,
0.000,
2.000,
22.000,
63.000,
8.000,
0.000,
27.000,
11.000,
0.000,
0.000,
0.000,
0.000,
0.000,
0.000,
0.000,
0.000,
0.000,
0.000,
1.000,
0.000,
3.000,
4.000,
16.000,
0.000,
0.000,
0.000,
0.000,
0.000,
0.000,
0.000,
0.000,
0.000,
2.000,
18.000,
0.000,
0.000,
25.000,
24.000,
0.000,
0.000,
46.000,
4.000,
0.000,
0.000,
32.000,
0.000,
0.000,
0.000,
27.000,
19.000,
0.000,
0.000,
45.000,
21.000,
0.000,
0.000,
60.000,
6.000,
0.000,
0.000,
50.000,
1.000,
0.000,
0.000,
47.000,
6.000,
2.000,
0.000,
35.000,
10.000,
2.000,
0.000,
19.000,
0.000,
0.000,
0.000,
0.000,
0.000,
4.000,
13.000,
0.000,
0.000,
9.000,
40.000,
0.000,
0.000,
0.000,
0.000,
0.000,
1.000,
0.000,
0.000,
0.000,
1.000,
0.000,
0.000,
0.000,
1.000,
0.000,
0.000,
0.000,
1.000,
24.000,
0.000,
0.000,
0.000,
0.000,
0.000,
0.000,
0.000,
0.000,
0.000,
0.000,
1.000,
0.000,
0.000,
10.000,
0.000,
17.000,
0.000,
13.000,
0.000,
31.000,
0.000,
0.000,
0.000,
19.000,
9.000,
0.000,
0.000,
15.000,
15.000,
5.000,
3.000,
14.000,
0.000,
13.000,
0.000,
10.000,
0.000,
0.000,
0.000,
5.000,
0.000,
15.000,
0.000,
22.000,
0.000,
30.000,
1.000,
23.000,
0.000,
24.000,
3.000,
13.000,
0.000,
19.000,
7.000,
0.000,
0.000,
8.000,
16.000,
0.000,
0.000,
20.000,
14.000,
0.000,
0.000,
0.000,
11.000,
0.000,
0.000,
0.000,
7.000,
0.000,
0.000,
0.000,
4.000,
2.000,
0.000,
0.000,
3.000,
39.000,
27.000,
5.000,
0.000,
21.000,
0.000,
4.000,
0.000,
13.000,
0.000,
10.000,
0.000,
32.000,
6.000,
27.000,
1.000,
34.000,
11.000,
28.000,
1.000,
40.000,
23.000,
16.000,
0.000,
45.000,
27.000,
9.000,
0.000,
45.000,
33.000,
13.000,
0.000,
43.000,
22.000,
13.000,
0.000,
40.000,
15.000,
5.000,
0.000,
29.000,
13.000,
21.000,
0.000,
39.000,
16.000,
36.000,
3.000,
36.000,
15.000,
34.000,
4.000,
20.000,
4.000,
33.000,
4.000,
12.000,
0.000,
29.000,
12.000,
5.000,
2.000,
31.000,
14.000,
3.000,
0.000,
2.000,
9.000,
0.000,
0.000,
0.000,
0.000,
1.000,
0.000,
0.000,
0.000,
27.000,
20.000,
