2.000,
0.000,
14.000,
1.000,
3.000,
2.000,
6.000,
17.000,
0.000,
0.000,
2.000,
6.000,
3.000,
10.000,
5.000,
8.000,
2.000,
0.000,
1.000,
1.000,
0.000,
0.000,
3.000,
8.000,
3.000,
2.000,
4.000,
4.000,
8.000,
16.000,
7.000,
0.000,
0.000,
1.000,
12.000,
2.000,
1.000,
0.000,
6.000,
0.000,
6.000,
1.000,
2.000,
4.000,
7.000,
4.000,
0.000,
2.000,
6.000,
3.000,
10.000,
4.000,
7.000,
0.000,
2.000,
4.000,
2.000,
1.000,
4.000,
13.000,
6.000,
2.000,
6.000,
3.000,
2.000,
3.000,
4.000,
8.000,
1.000,
9.000,
6.000,
3.000,
7.000,
2.000,
3.000,
4.000,
0.000,
5.000,
1.000,
6.000,
2.000,
2.000,
1.000,
4.000,
0.000,
5.000,
0.000,
9.000,
32.000,
2.000,
3.000,
2.000,
8.000,
1.000,
0.000,
6.000,
